     0.011     0.022     0.020     0.019     0.017     0.010    0.0094    0.0086    0.0079    0.0071    0.0063    0.0080    0.0062    0.0044    0.0027   0.00088
  -0.00088    0.0097     0.020     0.019     0.017     0.010    0.0094    0.0086    0.0079    0.0071    0.0063    0.0080    0.0062    0.0044    0.0027   0.00088
  -0.00088   -0.0027    0.0080     0.019     0.017     0.010    0.0094    0.0086    0.0079    0.0071    0.0063    0.0080    0.0062    0.0044    0.0027   0.00088
  -0.00088   -0.0027   -0.0044    0.0062     0.017     0.010    0.0094    0.0086    0.0079    0.0071    0.0063    0.0080    0.0062    0.0044    0.0027   0.00088
  -0.00088   -0.0027   -0.0044   -0.0062    0.0044     0.010    0.0094    0.0086    0.0079    0.0071    0.0063    0.0080    0.0062    0.0044    0.0027   0.00088
  -0.00088   -0.0027   -0.0044   -0.0062   -0.0080    0.0020    0.0094    0.0086    0.0079    0.0071    0.0063    0.0080    0.0062    0.0044    0.0027   0.00088
  -0.00088   -0.0027   -0.0044   -0.0062   -0.0080   -0.0063    0.0012    0.0086    0.0079    0.0071    0.0063    0.0080    0.0062    0.0044    0.0027   0.00088
  -0.00088   -0.0027   -0.0044   -0.0062   -0.0080   -0.0063   -0.0071   0.00039    0.0079    0.0071    0.0063    0.0080    0.0062    0.0044    0.0027   0.00088
  -0.00088   -0.0027   -0.0044   -0.0062   -0.0080   -0.0063   -0.0071   -0.0079  -0.00039    0.0071    0.0063    0.0080    0.0062    0.0044    0.0027   0.00088
  -0.00088   -0.0027   -0.0044   -0.0062   -0.0080   -0.0063   -0.0071   -0.0079   -0.0086   -0.0012    0.0063    0.0080    0.0062    0.0044    0.0027   0.00088
  -0.00088   -0.0027   -0.0044   -0.0062   -0.0080   -0.0063   -0.0071   -0.0079   -0.0086   -0.0094   -0.0020    0.0080    0.0062    0.0044    0.0027   0.00088
  -0.00088   -0.0027   -0.0044   -0.0062   -0.0080   -0.0063   -0.0071   -0.0079   -0.0086   -0.0094    -0.010   -0.0044    0.0062    0.0044    0.0027   0.00088
  -0.00088   -0.0027   -0.0044   -0.0062   -0.0080   -0.0063   -0.0071   -0.0079   -0.0086   -0.0094    -0.010    -0.017   -0.0062    0.0044    0.0027   0.00088
  -0.00088   -0.0027   -0.0044   -0.0062   -0.0080   -0.0063   -0.0071   -0.0079   -0.0086   -0.0094    -0.010    -0.017    -0.019   -0.0080    0.0027   0.00088
  -0.00088   -0.0027   -0.0044   -0.0062   -0.0080   -0.0063   -0.0071   -0.0079   -0.0086   -0.0094    -0.010    -0.017    -0.019    -0.020   -0.0097   0.00088
  -0.00088   -0.0027   -0.0044   -0.0062   -0.0080   -0.0063   -0.0071   -0.0079   -0.0086   -0.0094    -0.010    -0.017    -0.019    -0.020    -0.022    -0.011
