  Pink shutter values, vertical angle = 2.7 mr, extended temperature range
  ________________________________________________________________________
                                                                          
  hmir_ang          x         sx         sy      power      htilt         
  ________    _______    _______    _______    _______    _______         
                                                                          
    -2.143     -6.000     3.0807     0.0568     299.25     39.696         
    -2.054     -5.750     3.0807     0.0568     299.25     39.696         
    -1.964     -5.500     3.0807     0.0568     299.25     39.696         
    -1.875     -5.250     3.0807     0.0568     299.25     39.696         
    -1.786     -5.000     3.0807     0.0568     299.25     39.696         
    -1.696     -4.750     3.0807     0.0568     299.25     39.696         
    -1.607     -4.500     3.0807     0.0568     299.25     39.696         
    -1.518     -4.250     3.0807     0.0568     299.25     39.696         
    -1.429     -4.000     3.0807     0.0568     299.25     39.696         
    -1.339     -3.750     3.0807     0.0568     299.25     39.696         
    -1.250     -3.500     3.0807     0.0568     299.25     39.696         
    -1.161     -3.250     3.0807     0.0568     299.25     39.696         
    -1.071     -3.000     3.0807     0.0568     299.25     39.696         
    -0.982     -2.750     3.0807     0.0568     299.25     39.696         
    -0.893     -2.500     3.0807     0.0568     299.25     39.696         
    -0.804     -2.250     3.0807     0.0568     299.25     39.696         
    -0.714     -2.000     3.0807     0.0568     299.25     39.696         
    -0.625     -1.750     3.0807     0.0568     299.25     39.696         
    -0.536     -1.500     3.0807     0.0568     299.25     39.696         
    -0.446     -1.250     3.0807     0.0568     299.25     39.696         
    -0.357     -1.000     3.0807     0.0568     299.25     39.696         
    -0.268     -0.750     3.0807     0.0568     299.25     39.696         
    -0.179     -0.500     3.0807     0.0568     299.25     39.696         
    -0.089     -0.250     3.0807     0.0568     299.25     39.696         
     0.000      0.000     3.0807     0.0568     299.25     39.696         
     0.089      0.250     0.0326     0.0568      11.24     51.190         
     0.179      0.500     0.0325     0.0568      22.44     12.508         
     0.268      0.750     0.0325     0.0568      33.62      6.667         
     0.357      1.000     0.0325     0.0568      44.77      4.411         
     0.446      1.250     0.0325     0.0568      55.88      3.244         
     0.536      1.500     0.0325     0.0568      66.96      2.541         
     0.625      1.750     0.0325     0.0568      78.02      2.076         
     0.714      2.000     0.0325     0.0568      89.04      1.747         
     0.804      2.250     0.0325     0.0568     100.02      1.503         
     0.893      2.500     0.0325     0.0568     110.97      1.316         
     0.982      2.750     0.0325     0.0568     121.78      1.169         
     1.071      3.000     0.0325     0.0568     132.44      1.052         
     1.161      3.250     0.0782     0.0568     142.91      2.299         
     1.250      3.500     0.1586     0.0568     153.19      4.279         
     1.339      3.750     0.2398     0.0568     163.26      5.980         
     1.429      4.000     0.3196     0.0568     173.09      7.420         
     1.518      4.250     0.3976     0.0568     182.62      8.648         
     1.607      4.500     0.4736     0.0568     191.89      9.701         
     1.696      4.750     0.5475     0.0568     200.90     10.612         
     1.786      5.000     0.6193     0.0568     209.58     11.408         
     1.875      5.250     0.6890     0.0568     217.83     12.116         
     1.964      5.500     0.7566     0.0568     225.50     12.764         
     2.054      5.750     0.8220     0.0568     232.80     13.350         
     2.143      6.000     0.8853     0.0568     239.74     13.884         
     2.232      6.250     0.9465     0.0568     246.23     14.380         
     2.321      6.500     1.0056     0.0568     252.21     14.850         
     2.411      6.750     1.0627     0.0568     257.61     15.307         
     2.500      7.000     1.1178     0.0568     262.31     15.763         
     2.589      7.250     1.1710     0.0568     266.17     16.237         
     2.679      7.500     1.2223     0.0568     268.80     16.763         
     2.768      7.750     1.2717     0.0568     269.10     17.438         
     2.857      8.000     1.3194     0.0568     264.87     18.478         
     2.946      8.250     1.3654     0.0568     255.62     20.022         
     3.036      8.500     1.4097     0.0568     242.92     22.088         
     3.125      8.750     1.4524     0.0568     230.31     24.418         
     3.214      9.000     1.4936     0.0568     219.24     26.834         
     3.304      9.250     1.5333     0.0568     210.14     29.214         
     3.393      9.500     1.5715     0.0568     202.89     31.481         
     3.482      9.750     1.6084     0.0568     197.21     33.602         
     3.571     10.000     1.6439     0.0568     192.76     35.573         
     3.661     10.250     1.6782     0.0568     189.25     37.406         
     3.750     10.500     1.7112     0.0568     186.43     39.122         
     3.839     10.750     1.7431     0.0568     184.11     40.744         
     3.929     11.000     1.7738     0.0568     182.17     42.295         
     4.018     11.250     1.8034     0.0568     180.49     43.794         
     4.107     11.500     1.8321     0.0568     178.99     45.260         
     4.196     11.750     1.8597     0.0568     177.62     46.709         
     4.286     12.000     1.8863     0.0568     176.34     48.157         
     4.375     12.250     1.9121     0.0568     175.10     49.618         
     4.464     12.500     1.9370     0.0568     173.88     51.109         
     4.554     12.750     1.9610     0.0568     172.66     52.647         
     4.643     13.000     1.9842     0.0568     171.41     54.253         
     4.732     13.250     2.0067     0.0568     170.10     55.954         
     4.821     13.500     2.0284     0.0568     168.72     57.788         
     4.911     13.750     2.0494     0.0568     167.23     59.805         
     5.000     14.000     2.0697     0.0568     165.58     62.086         
     5.089     14.250     2.0894     0.0568     163.73     64.763         
     5.179     14.500     2.1084     0.0568     161.61     68.083         
     5.268     14.750     2.1269     0.0568     159.09     72.614         
     5.357     15.000     2.1447     0.0568     155.97     80.506         
     5.446     15.250     2.1620     0.0568     151.90     90.000         
     5.536     15.500     2.1788     0.0568     146.17     90.000         
     5.625     15.750     2.1951     0.0568     137.78     90.000         
     5.714     16.000     2.2108     0.0568     126.81     90.000         
     5.804     16.250     2.2261     0.0568     114.54     90.000         
     5.893     16.500     2.2410     0.0568     102.05     90.000         
     5.982     16.750     2.2554     0.0568      90.00     90.000         
     6.071     17.000     2.2694     0.0568      78.81     90.000         
     6.161     17.250     2.2829     0.0568      68.73     90.000         
     6.250     17.500     2.2961     0.0568      59.88     90.000         
     6.339     17.750     2.3090     0.0568      52.25     90.000         
     6.429     18.000     2.3214     0.0568      45.72     90.000         
