  k = 1.24, E1 = 8, 1.4 x 1.5 mm
  ______________________________
                                
              E               F 
  _____________   _____________ 
                                
        5.04167    9.42021E+011 
        5.11111    1.09751E+012 
        5.16667    1.26827E+012 
        5.23611    1.51095E+012 
        5.30556    1.76674E+012 
        5.37500    2.09603E+012 
        5.44444    2.49516E+012 
        5.50000    2.91970E+012 
        5.56944    3.46404E+012 
        5.63889    4.06858E+012 
        5.69444    4.74666E+012 
        5.76389    5.66755E+012 
        5.83333    6.70434E+012 
        5.88889    7.65144E+012 
        5.95833    9.14958E+012 
        6.01389    1.04811E+013 
        6.08333    1.23300E+013 
        6.13889    1.42317E+013 
        6.20833    1.68033E+013 
        6.26389    1.91175E+013 
        6.31944    2.19034E+013 
        6.38889    2.58423E+013 
        6.44444    2.94005E+013 
        6.50000    3.36351E+013 
        6.55556    3.83125E+013 
        6.61111    4.37459E+013 
        6.66667    5.00020E+013 
        6.72222    5.71142E+013 
        6.77778    6.55204E+013 
        6.83333    7.52138E+013 
        6.88889    8.67079E+013 
        6.94444    1.00384E+014 
        7.00000    1.16667E+014 
        7.04167    1.31006E+014 
        7.09722    1.52766E+014 
        7.13889    1.71365E+014 
        7.19444    1.97855E+014 
        7.23611    2.18796E+014 
        7.29167    2.45847E+014 
        7.33333    2.65018E+014 
        7.37500    2.82332E+014 
        7.43056    3.02077E+014 
        7.47222    3.15090E+014 
        7.51389    3.26161E+014 
        7.55556    3.36751E+014 
        7.59722    3.46863E+014 
        7.63889    3.56019E+014 
        7.66667    3.62835E+014 
        7.70833    3.72762E+014 
        7.75000    3.81157E+014 
        7.77778    3.88211E+014 
        7.81944    3.97618E+014 
        7.84722    4.00339E+014 
        7.88889    4.08316E+014 
        7.91667    4.12950E+014 
        7.94444    3.93487E+014 
        7.97222    3.28290E+014 
        8.00000    2.23858E+014 
        8.02778    1.17606E+014 
        8.05556    4.74239E+013 
        8.08333    2.09756E+013 
        8.11111    1.78951E+013 
        8.15278    1.45490E+013 
        8.18056    9.88717E+012 
        8.22222    8.05369E+012 
        8.25000    7.76996E+012 
        8.29167    5.53544E+012 
        8.33333    4.85547E+012 
        8.36111    4.75817E+012 
        8.40278    3.68361E+012 
        8.44444    3.36317E+012 
        8.48611    3.14551E+012 
        8.52778    2.54954E+012 
        8.56944    2.54968E+012 
        8.62500    2.09816E+012 
        8.66667    2.00606E+012 
        8.70833    1.92935E+012 
        8.76389    1.65695E+012 
        8.80556    1.65240E+012 
        8.86111    1.46634E+012 
        8.90278    1.45311E+012 
        8.95833    1.31671E+012 
        9.00000    1.30639E+012 
        9.05556    1.25821E+012 
        9.11111    1.18468E+012 
        9.16667    1.21850E+012 
        9.22222    1.14608E+012 
        9.27778    1.13983E+012 
        9.33333    1.19227E+012 
        9.38889    1.13119E+012 
        9.44444    1.16739E+012 
        9.50000    1.25329E+012 
        9.55556    1.18179E+012 
        9.61111    1.25154E+012 
        9.68056    1.37717E+012 
        9.73611    1.31267E+012 
        9.79167    1.48318E+012 
        9.86111    1.51604E+012 
        9.91667    1.54336E+012 
        9.98611    1.85141E+012 
        10.0417    1.76785E+012 
        10.1111    1.98651E+012 
        10.1667    2.24573E+012 
        10.2361    2.12676E+012 
        10.3056    2.60264E+012 
        10.3611    2.64434E+012 
        10.4306    2.74604E+012 
        10.5000    3.34402E+012 
        10.5556    3.15039E+012 
        10.6250    3.64020E+012 
        10.6944    4.04420E+012 
        10.7639    4.01736E+012 
        10.8333    4.97465E+012 
        10.8889    4.84494E+012 
        10.9583    5.26910E+012 
        11.0278    6.21559E+012 
        11.0972    5.92004E+012 
        11.1667    7.21005E+012 
        11.2361    7.35801E+012 
        11.3056    7.80964E+012 
        11.3750    9.30736E+012 
        11.4444    8.86672E+012 
        11.5139    1.05517E+013 
        11.5833    1.11021E+013 
        11.6528    1.13383E+013 
        11.7222    1.36357E+013 
        11.7917    1.31007E+013 
        11.8611    1.50457E+013 
        11.9306    1.63891E+013 
        12.0000    1.62291E+013 
        12.0694    1.94212E+013 
        12.1389    1.91054E+013 
        12.2083    2.09318E+013 
        12.2778    2.36420E+013 
        12.3472    2.27413E+013 
        12.4167    2.70817E+013 
        12.4861    2.71428E+013 
        12.5556    2.87469E+013 
        12.6250    3.29169E+013 
        12.6944    3.15311E+013 
        12.7639    3.67958E+013 
        12.8333    3.74493E+013 
        12.9028    3.91233E+013 
        12.9722    4.40260E+013 
        13.0417    4.34429E+013 
        13.1111    4.81742E+013 
        13.1667    5.19868E+013 
        13.2361    4.91520E+013 
        13.3056    5.88722E+013 
        13.3750    5.60985E+013 
        13.4444    6.17365E+013 
        13.5000    6.64842E+013 
        13.5694    6.32508E+013 
        13.6389    7.49946E+013 
        13.6944    7.14361E+013 
        13.7639    7.69444E+013 
        13.8333    8.13218E+013 
        13.8889    8.02608E+013 
        13.9583    8.85515E+013 
        14.0139    8.98103E+013 
        14.0833    9.04108E+013 
        14.1389    9.84456E+013 
        14.2083    9.40558E+013 
        14.2639    1.01565E+014 
        14.3194    1.03654E+014 
        14.3889    1.01072E+014 
        14.4444    1.10746E+014 
        14.5000    1.02123E+014 
        14.5556    1.09854E+014 
        14.6111    1.09190E+014 
        14.6667    1.04735E+014 
        14.7222    1.13039E+014 
        14.7778    1.04168E+014 
        14.8333    1.08638E+014 
        14.8889    1.05708E+014 
        14.9444    1.02867E+014 
        15.0000    1.05117E+014 
        15.0417    9.80488E+013 
        15.0972    1.00199E+014 
        15.1389    9.64994E+013 
        15.1944    9.31769E+013 
        15.2361    9.28892E+013 
        15.2917    8.65458E+013 
        15.3333    8.49400E+013 
        15.3750    8.16986E+013 
        15.4306    7.71149E+013 
        15.4722    7.44626E+013 
        15.5139    7.02993E+013 
        15.5556    6.54382E+013 
        15.5972    6.12829E+013 
        15.6389    5.66510E+013 
        15.6667    5.37585E+013 
        15.7083    4.88134E+013 
        15.7500    4.45648E+013 
        15.7778    4.02456E+013 
        15.8194    3.34374E+013 
        15.8472    2.96727E+013 
        15.8889    2.37399E+013 
        15.9167    1.92779E+013 
        15.9444    1.50871E+013 
        15.9722    1.23537E+013 
        16.0000    9.96007E+012 
        16.0278    7.21377E+012 
        16.0556    5.78525E+012 
        16.0833    5.69811E+012 
        16.1111    5.39133E+012 
        16.1528    4.86041E+012 
        16.1806    5.26185E+012 
        16.2222    6.45216E+012 
        16.2500    6.42841E+012 
        16.2917    6.24690E+012 
        16.3333    5.90027E+012 
        16.3611    4.80361E+012 
        16.4028    5.08719E+012 
        16.4444    6.31407E+012 
        16.4861    6.31534E+012 
        16.5278    7.32235E+012 
        16.5694    7.57666E+012 
        16.6250    4.98487E+012 
        16.6667    6.60956E+012 
        16.7083    6.72593E+012 
        16.7639    7.72389E+012 
        16.8056    9.50576E+012 
        16.8611    6.12125E+012 
        16.9028    7.25921E+012 
        16.9583    7.09369E+012 
        17.0000    8.05467E+012 
        17.0556    1.05442E+013 
        17.1111    8.04216E+012 
        17.1667    8.48667E+012 
        17.2222    8.01779E+012 
        17.2778    1.06957E+013 
        17.3333    1.10047E+013 
        17.3889    1.01726E+013 
        17.4444    8.73309E+012 
        17.5000    1.07064E+013 
        17.5556    1.18130E+013 
        17.6111    1.31850E+013 
        17.6806    1.01332E+013 
        17.7361    1.14188E+013 
        17.7917    1.24157E+013 
        17.8611    1.52396E+013 
        17.9167    1.28477E+013 
        17.9861    1.26614E+013 
        18.0417    1.33979E+013 
        18.1111    1.68248E+013 
        18.1667    1.54014E+013 
        18.2361    1.39949E+013 
        18.3056    1.49997E+013 
        18.3611    1.80562E+013 
        18.4306    1.76151E+013 
        18.5000    1.53271E+013 
        18.5556    1.62524E+013 
        18.6250    1.94372E+013 
        18.6944    1.97950E+013 
        18.7639    1.70115E+013 
        18.8333    1.84846E+013 
        18.8889    2.07606E+013 
        18.9583    2.16888E+013 
        19.0278    1.88458E+013 
        19.0972    1.96875E+013 
        19.1667    2.31818E+013 
        19.2361    2.22703E+013 
        19.3056    2.01456E+013 
        19.3750    2.20801E+013 
        19.4444    2.44267E+013 
        19.5139    2.28246E+013 
        19.5833    2.13666E+013 
        19.6528    2.36515E+013 
        19.7222    2.57698E+013 
        19.7917    2.27682E+013 
        19.8611    2.18945E+013 
        19.9306    2.55932E+013 
        20.0000    2.55787E+013 
        20.0694    2.24907E+013 
        20.1389    2.30766E+013 
        20.2083    2.56146E+013 
        20.2778    2.49785E+013 
        20.3472    2.21321E+013 
        20.4167    2.37257E+013 
        20.4861    2.56663E+013 
        20.5556    2.24998E+013 
        20.6250    2.23898E+013 
        20.6944    2.48581E+013 
        20.7639    2.36226E+013 
        20.8333    2.11545E+013 
        20.9028    2.23843E+013 
        20.9722    2.50037E+013 
        21.0417    2.20299E+013 
        21.1111    2.09258E+013 
        21.1667    2.36437E+013 
        21.2361    2.36930E+013 
        21.3056    2.19350E+013 
        21.3750    2.38635E+013 
        21.4444    2.57523E+013 
        21.5000    2.34822E+013 
        21.5694    2.32283E+013 
        21.6389    2.87332E+013 
        21.6944    2.83615E+013 
        21.7639    2.50470E+013 
        21.8333    2.91505E+013 
        21.8889    3.17445E+013 
        21.9583    2.79219E+013 
        22.0139    2.98051E+013 
        22.0833    3.64494E+013 
        22.1389    3.16754E+013 
        22.2083    3.02467E+013 
        22.2639    3.70457E+013 
        22.3194    3.67094E+013 
        22.3889    3.30374E+013 
        22.4444    3.79983E+013 
        22.5000    3.93973E+013 
        22.5556    3.38073E+013 
        22.6111    3.67888E+013 
        22.6667    4.33756E+013 
        22.7222    3.93870E+013 
        22.7778    3.97399E+013 
        22.8333    4.53423E+013 
        22.8889    4.20804E+013 
        22.9444    4.12254E+013 
        23.0000    5.12250E+013 
        23.0417    4.82157E+013 
        23.0972    4.87439E+013 
        23.1389    5.55747E+013 
        23.1944    5.24875E+013 
        23.2361    5.19416E+013 
        23.2917    6.01996E+013 
        23.3333    6.03342E+013 
        23.3750    6.18065E+013 
        23.4306    6.93150E+013 
        23.4722    7.02280E+013 
        23.5139    7.25970E+013 
        23.5556    7.54436E+013 
        23.5972    7.58055E+013 
        23.6389    8.10444E+013 
        23.6667    8.58507E+013 
        23.7083    8.76600E+013 
        23.7500    9.14633E+013 
        23.7778    9.66177E+013 
        23.8194    1.01586E+014 
        23.8472    1.02766E+014 
        23.8889    1.04135E+014 
        23.9167    1.04651E+014 
        23.9444    1.00720E+014 
        23.9722    8.72882E+013 
        24.0000    6.35619E+013 
        24.0278    3.66563E+013 
        24.0556    1.76831E+013 
        24.0833    1.14232E+013 
        24.1111    1.25049E+013 
        24.1528    1.36483E+013 
        24.1806    1.25447E+013 
        24.2222    9.51339E+012 
        24.2500    7.65405E+012 
        24.2917    7.12605E+012 
        24.3333    7.87294E+012 
        24.3611    7.32242E+012 
        24.4028    6.40763E+012 
        24.4444    8.56936E+012 
        24.4861    9.74512E+012 
        24.5278    9.91366E+012 
        24.5694    9.64060E+012 
        24.6250    6.91215E+012 
        24.6667    6.67822E+012 
        24.7083    5.75207E+012 
        24.7639    7.45673E+012 
        24.8056    8.37058E+012 
        24.8611    8.53437E+012 
        24.9028    1.00419E+013 
        24.9583    7.80690E+012 
        25.0000    6.40452E+012 
