  k = 1.24, E1 = 8, 3.4 x 1.5 mm
  ______________________________
                                
              E               F 
  _____________   _____________ 
                                
        5.04167    4.99375E+012 
        5.11111    5.78620E+012 
        5.16667    6.65251E+012 
        5.23611    7.76610E+012 
        5.30556    8.89753E+012 
        5.37500    1.02151E+013 
        5.44444    1.18718E+013 
        5.50000    1.36129E+013 
        5.56944    1.55527E+013 
        5.63889    1.76516E+013 
        5.69444    2.00470E+013 
        5.76389    2.31089E+013 
        5.83333    2.62095E+013 
        5.88889    2.90134E+013 
        5.95833    3.34377E+013 
        6.01389    3.69699E+013 
        6.08333    4.17973E+013 
        6.13889    4.67658E+013 
        6.20833    5.30261E+013 
        6.26389    5.82713E+013 
        6.31944    6.47729E+013 
        6.38889    7.32880E+013 
        6.44444    8.06393E+013 
        6.50000    8.93870E+013 
        6.55556    9.84447E+013 
        6.61111    1.08852E+014 
        6.66667    1.20406E+014 
        6.72222    1.33047E+014 
        6.77778    1.47722E+014 
        6.83333    1.63957E+014 
        6.88889    1.82804E+014 
        6.94444    2.04591E+014 
        7.00000    2.29812E+014 
        7.04167    2.51696E+014 
        7.09722    2.84182E+014 
        7.13889    3.11619E+014 
        7.19444    3.50014E+014 
        7.23611    3.80039E+014 
        7.29167    4.18118E+014 
        7.33333    4.44717E+014 
        7.37500    4.68174E+014 
        7.43056    4.94231E+014 
        7.47222    5.10746E+014 
        7.51389    5.24239E+014 
        7.55556    5.36727E+014 
        7.59722    5.48291E+014 
        7.63889    5.58172E+014 
        7.66667    5.65637E+014 
        7.70833    5.76226E+014 
        7.75000    5.84254E+014 
        7.77778    5.91562E+014 
        7.81944    6.00607E+014 
        7.84722    6.01331E+014 
        7.88889    6.07856E+014 
        7.91667    6.11009E+014 
        7.94444    5.79288E+014 
        7.97222    4.81749E+014 
        8.00000    3.28217E+014 
        8.02778    1.72961E+014 
        8.05556    7.07189E+013 
        8.08333    3.22608E+013 
        8.11111    2.77172E+013 
        8.15278    2.27548E+013 
        8.18056    1.58955E+013 
        8.22222    1.32011E+013 
        8.25000    1.28087E+013 
        8.29167    9.64931E+012 
        8.33333    8.53311E+012 
        8.36111    8.42970E+012 
        8.40278    7.00346E+012 
        8.44444    6.60695E+012 
        8.48611    6.19162E+012 
        8.52778    5.45046E+012 
        8.56944    5.69936E+012 
        8.62500    4.88266E+012 
        8.66667    4.90148E+012 
        8.70833    5.08583E+012 
        8.76389    4.59530E+012 
        8.80556    4.66579E+012 
        8.86111    4.89190E+012 
        8.90278    4.80959E+012 
        8.95833    4.61552E+012 
        9.00000    5.03338E+012 
        9.05556    5.07142E+012 
        9.11111    4.91870E+012 
        9.16667    5.76152E+012 
        9.22222    5.44210E+012 
        9.27778    5.60925E+012 
        9.33333    6.63516E+012 
        9.38889    6.07532E+012 
        9.44444    6.60368E+012 
        9.50000    7.78783E+012 
        9.55556    6.94424E+012 
        9.61111    7.78115E+012 
        9.68056    8.98054E+012 
        9.73611    8.27587E+012 
        9.79167    9.82750E+012 
        9.86111    1.00343E+013 
        9.91667    1.00136E+013 
        9.98611    1.26624E+013 
        10.0417    1.15387E+013 
        10.1111    1.31215E+013 
        10.1667    1.50223E+013 
        10.2361    1.35354E+013 
        10.3056    1.69912E+013 
        10.3611    1.68056E+013 
        10.4306    1.70174E+013 
        10.5000    2.09263E+013 
        10.5556    1.88701E+013 
        10.6250    2.17171E+013 
        10.6944    2.38095E+013 
        10.7639    2.27089E+013 
        10.8333    2.82866E+013 
        10.8889    2.66465E+013 
        10.9583    2.82905E+013 
        11.0278    3.32316E+013 
        11.0972    3.02192E+013 
        11.1667    3.67133E+013 
        11.2361    3.64070E+013 
        11.3056    3.74968E+013 
        11.3750    4.44925E+013 
        11.4444    4.06093E+013 
        11.5139    4.78498E+013 
        11.5833    4.92621E+013 
        11.6528    4.86120E+013 
        11.7222    5.81222E+013 
        11.7917    5.38542E+013 
        11.8611    6.08093E+013 
        11.9306    6.51338E+013 
        12.0000    6.22828E+013 
        12.0694    7.39744E+013 
        12.1389    7.04055E+013 
        12.2083    7.57830E+013 
        12.2778    8.42307E+013 
        12.3472    7.82215E+013 
        12.4167    9.24859E+013 
        12.4861    9.01778E+013 
        12.5556    9.29508E+013 
        12.6250    1.05831E+014 
        12.6944    9.76682E+013 
        12.7639    1.12570E+014 
        12.8333    1.12637E+014 
        12.9028    1.13948E+014 
        12.9722    1.27507E+014 
        13.0417    1.21365E+014 
        13.1111    1.34020E+014 
        13.1667    1.41128E+014 
        13.2361    1.30451E+014 
        13.3056    1.54861E+014 
        13.3750    1.43192E+014 
        13.4444    1.55138E+014 
        13.5000    1.65788E+014 
        13.5694    1.53466E+014 
        13.6389    1.78736E+014 
        13.6944    1.68283E+014 
        13.7639    1.77292E+014 
        13.8333    1.85472E+014 
        13.8889    1.77544E+014 
        13.9583    1.95649E+014 
        14.0139    1.95913E+014 
        14.0833    1.91456E+014 
        14.1389    2.07592E+014 
        14.2083    1.94271E+014 
        14.2639    2.09744E+014 
        14.3194    2.09286E+014 
        14.3889    2.00842E+014 
        14.4444    2.19493E+014 
        14.5000    2.01235E+014 
        14.5556    2.11872E+014 
        14.6111    2.09098E+014 
        14.6667    1.98432E+014 
        14.7222    2.15954E+014 
        14.7778    1.95671E+014 
        14.8333    2.00670E+014 
        14.8889    1.94656E+014 
        14.9444    1.90441E+014 
        15.0000    1.94431E+014 
        15.0417    1.78261E+014 
        15.0972    1.79828E+014 
        15.1389    1.73122E+014 
        15.1944    1.69078E+014 
        15.2361    1.69470E+014 
        15.2917    1.54806E+014 
        15.3333    1.49424E+014 
        15.3750    1.44506E+014 
        15.4306    1.38467E+014 
        15.4722    1.35656E+014 
        15.5139    1.31101E+014 
        15.5556    1.15514E+014 
        15.5972    1.09036E+014 
        15.6389    1.03505E+014 
        15.6667    9.89670E+013 
        15.7083    9.23127E+013 
        15.7500    9.24535E+013 
        15.7778    8.12625E+013 
        15.8194    6.51010E+013 
        15.8472    6.08800E+013 
        15.8889    5.25662E+013 
        15.9167    4.57485E+013 
        15.9444    4.06288E+013 
        15.9722    4.22194E+013 
        16.0000    4.15782E+013 
        16.0278    3.38191E+013 
        16.0556    2.83165E+013 
        16.0833    2.75653E+013 
        16.1111    2.61005E+013 
        16.1528    2.51971E+013 
        16.1806    2.78715E+013 
        16.2222    3.48188E+013 
        16.2500    3.63895E+013 
        16.2917    3.55807E+013 
        16.3333    3.16098E+013 
        16.3611    2.52450E+013 
        16.4028    2.73462E+013 
        16.4444    3.37141E+013 
        16.4861    3.47820E+013 
        16.5278    4.10966E+013 
        16.5694    4.13395E+013 
        16.6250    2.64048E+013 
        16.6667    3.42652E+013 
        16.7083    3.51913E+013 
        16.7639    4.12387E+013 
        16.8056    5.02210E+013 
        16.8611    3.25861E+013 
        16.9028    3.65894E+013 
        16.9583    3.57917E+013 
        17.0000    4.05838E+013 
        17.0556    5.32841E+013 
        17.1111    4.03169E+013 
        17.1667    4.14417E+013 
        17.2222    3.87876E+013 
        17.2778    5.06120E+013 
        17.3333    5.32959E+013 
        17.3889    4.72546E+013 
        17.4444    4.12691E+013 
        17.5000    4.88490E+013 
        17.5556    5.36820E+013 
        17.6111    5.95075E+013 
        17.6806    4.49023E+013 
        17.7361    5.03260E+013 
        17.7917    5.44403E+013 
        17.8611    6.50390E+013 
        17.9167    5.44573E+013 
        17.9861    5.24706E+013 
        18.0417    5.62923E+013 
        18.1111    6.91825E+013 
        18.1667    6.21657E+013 
        18.2361    5.49444E+013 
        18.3056    5.94145E+013 
        18.3611    7.15088E+013 
        18.4306    6.82424E+013 
        18.5000    5.75113E+013 
        18.5556    6.05808E+013 
        18.6250    7.28569E+013 
        18.6944    7.41940E+013 
        18.7639    6.13812E+013 
        18.8333    6.53563E+013 
        18.8889    7.38297E+013 
        18.9583    7.71867E+013 
        19.0278    6.65249E+013 
        19.0972    6.71004E+013 
        19.1667    7.79583E+013 
        19.2361    7.52109E+013 
        19.3056    6.85215E+013 
        19.3750    7.31341E+013 
        19.4444    7.89632E+013 
        19.5139    7.32522E+013 
        19.5833    6.88067E+013 
        19.6528    7.67630E+013 
        19.7222    8.08493E+013 
        19.7917    7.01004E+013 
        19.8611    6.74732E+013 
        19.9306    7.90299E+013 
        20.0000    7.95921E+013 
        20.0694    6.80649E+013 
        20.1389    6.78829E+013 
        20.2083    7.59282E+013 
        20.2778    7.51989E+013 
        20.3472    6.74789E+013 
        20.4167    6.90356E+013 
        20.4861    7.27120E+013 
        20.5556    6.54963E+013 
        20.6250    6.63980E+013 
        20.6944    7.23390E+013 
        20.7639    6.61962E+013 
        20.8333    5.91765E+013 
        20.9028    6.28959E+013 
        20.9722    7.11375E+013 
        21.0417    6.30512E+013 
        21.1111    5.69767E+013 
        21.1667    6.21148E+013 
        21.2361    6.26596E+013 
        21.3056    6.11405E+013 
        21.3750    6.39415E+013 
        21.4444    6.43345E+013 
        21.5000    5.82113E+013 
        21.5694    5.74920E+013 
        21.6389    6.99170E+013 
        21.6944    7.00258E+013 
        21.7639    6.11108E+013 
        21.8333    6.45171E+013 
        21.8889    6.90753E+013 
        21.9583    6.43299E+013 
        22.0139    6.94309E+013 
        22.0833    7.99477E+013 
        22.1389    6.71071E+013 
        22.2083    6.54833E+013 
        22.2639    7.60365E+013 
        22.3194    7.60336E+013 
        22.3889    7.62411E+013 
        22.4444    7.96709E+013 
        22.5000    7.66992E+013 
        22.5556    7.13064E+013 
        22.6111    7.50515E+013 
        22.6667    8.56549E+013 
        22.7222    8.51756E+013 
        22.7778    8.45920E+013 
        22.8333    8.60335E+013 
        22.8889    8.36947E+013 
        22.9444    7.99743E+013 
        23.0000    1.00527E+014 
        23.0417    9.51381E+013 
        23.0972    1.00552E+014 
        23.1389    1.07434E+014 
        23.1944    9.88537E+013 
        23.2361    9.70341E+013 
        23.2917    1.08035E+014 
        23.3333    1.13898E+014 
        23.3750    1.18450E+014 
        23.4306    1.27757E+014 
        23.4722    1.33752E+014 
        23.5139    1.32219E+014 
        23.5556    1.30027E+014 
        23.5972    1.29126E+014 
        23.6389    1.40491E+014 
        23.6667    1.51012E+014 
        23.7083    1.50404E+014 
        23.7500    1.59796E+014 
        23.7778    1.72062E+014 
        23.8194    1.78776E+014 
        23.8472    1.79282E+014 
        23.8889    1.72062E+014 
        23.9167    1.66964E+014 
        23.9444    1.62074E+014 
        23.9722    1.47813E+014 
        24.0000    1.15887E+014 
        24.0278    7.47324E+013 
        24.0556    4.47315E+013 
        24.0833    3.71175E+013 
        24.1111    4.39788E+013 
        24.1528    5.30768E+013 
        24.1806    5.15075E+013 
        24.2222    3.74967E+013 
        24.2500    3.03727E+013 
        24.2917    2.74567E+013 
        24.3333    3.06987E+013 
        24.3611    3.07890E+013 
        24.4028    2.76684E+013 
        24.4444    3.57015E+013 
        24.4861    4.14498E+013 
        24.5278    4.34900E+013 
        24.5694    4.29504E+013 
        24.6250    3.00260E+013 
        24.6667    2.81892E+013 
        24.7083    2.38498E+013 
        24.7639    3.18141E+013 
        24.8056    3.44406E+013 
        24.8611    3.69785E+013 
        24.9028    4.33755E+013 
        24.9583    3.43319E+013 
        25.0000    2.95940E+013 
