  k = 0.59, E1 = 12, 1.4 x 1.5 mm
  _______________________________
                                 
              E               F  
  _____________   _____________  
                                 
        5.06250    9.25373E+010  
        5.16667    9.71310E+010  
        5.27083    1.02473E+011  
        5.37500    1.13113E+011  
        5.47917    1.18361E+011  
        5.58333    1.29446E+011  
        5.68750    1.41731E+011  
        5.79167    1.50857E+011  
        5.89583    1.68464E+011  
        6.00000    1.83727E+011  
        6.10417    2.01906E+011  
        6.20833    2.28323E+011  
        6.31250    2.52623E+011  
        6.41667    2.87825E+011  
        6.52083    3.28269E+011  
        6.62500    3.70402E+011  
        6.72917    4.32628E+011  
        6.83333    5.00872E+011  
        6.93750    5.73451E+011  
        7.04167    6.70522E+011  
        7.14583    7.90019E+011  
        7.25000    9.16480E+011  
        7.35417    1.06182E+012  
        7.45833    1.26976E+012  
        7.56250    1.48057E+012  
        7.66667    1.69047E+012  
        7.75000    1.99429E+012  
        7.85417    2.26617E+012  
        7.95833    2.64269E+012  
        8.06250    3.18432E+012  
        8.16667    3.56990E+012  
        8.25000    4.16156E+012  
        8.35417    4.79631E+012  
        8.45833    5.40924E+012  
        8.54167    6.37418E+012  
        8.64583    7.05599E+012  
        8.75000    8.37940E+012  
        8.83333    9.34928E+012  
        8.93750    1.06751E+013  
        9.02083    1.23030E+013  
        9.12500    1.36945E+013  
        9.20833    1.60584E+013  
        9.31250    1.78604E+013  
        9.39583    2.05528E+013  
        9.47917    2.26186E+013  
        9.58333    2.61898E+013  
        9.66667    3.00552E+013  
        9.75000    3.31998E+013  
        9.83333    3.84533E+013  
        9.91667    4.25197E+013  
        10.0000    4.93993E+013  
        10.0833    5.47889E+013  
        10.1667    6.31341E+013  
        10.2500    6.98632E+013  
        10.3333    7.89581E+013  
        10.4167    8.63046E+013  
        10.5000    9.49250E+013  
        10.5625    9.97143E+013  
        10.6458    1.07618E+014  
        10.7083    1.11396E+014  
        10.7917    1.17959E+014  
        10.8542    1.21074E+014  
        10.9375    1.26431E+014  
        11.0000    1.29312E+014  
        11.0625    1.32806E+014  
        11.1458    1.36932E+014  
        11.2083    1.40275E+014  
        11.2708    1.43561E+014  
        11.3333    1.46634E+014  
        11.3958    1.50281E+014  
        11.4583    1.53190E+014  
        11.5000    1.55557E+014  
        11.5625    1.59194E+014  
        11.6250    1.61786E+014  
        11.6667    1.64293E+014  
        11.7292    1.67488E+014  
        11.7708    1.67967E+014  
        11.8333    1.70545E+014  
        11.8750    1.71889E+014  
        11.9167    1.63201E+014  
        11.9583    1.35924E+014  
        12.0000    9.27238E+013  
        12.0417    4.87974E+013  
        12.0833    1.98204E+013  
        12.1250    8.97576E+012  
        12.1667    7.69820E+012  
        12.2292    6.21942E+012  
        12.2708    4.32163E+012  
        12.3333    3.59320E+012  
        12.3750    3.41497E+012  
        12.4375    2.50869E+012  
        12.5000    2.21357E+012  
        12.5417    2.14508E+012  
        12.6042    1.76375E+012  
        12.6667    1.58397E+012  
        12.7292    1.48477E+012  
        12.7917    1.27275E+012  
        12.8542    1.24237E+012  
        12.9375    1.11202E+012  
        13.0000    9.85044E+011  
        13.0625    1.03545E+012  
        13.1458    9.06817E+011  
        13.2083    9.36793E+011  
        13.2917    8.07193E+011  
        13.3542    8.31402E+011  
        13.4375    8.47538E+011  
        13.5000    7.61853E+011  
        13.5833    7.67946E+011  
        13.6667    8.14150E+011  
        13.7500    7.72905E+011  
        13.8333    7.79694E+011  
        13.9167    7.75187E+011  
        14.0000    8.49544E+011  
        14.0833    8.35430E+011  
        14.1667    7.93492E+011  
        14.2500    8.89336E+011  
        14.3333    1.00494E+012  
        14.4167    8.23581E+011  
        14.5208    9.53666E+011  
        14.6042    1.18439E+012  
        14.6875    9.60574E+011  
        14.7917    1.05956E+012  
        14.8750    1.34975E+012  
        14.9792    1.20248E+012  
        15.0625    1.20888E+012  
        15.1667    1.54761E+012  
        15.2500    1.53727E+012  
        15.3542    1.38766E+012  
        15.4583    1.74676E+012  
        15.5417    1.94622E+012  
        15.6458    1.64648E+012  
        15.7500    1.98132E+012  
        15.8333    2.37702E+012  
        15.9375    2.02151E+012  
        16.0417    2.26984E+012  
        16.1458    2.85073E+012  
        16.2500    2.56290E+012  
        16.3333    2.60426E+012  
        16.4375    3.30563E+012  
        16.5417    3.20409E+012  
        16.6458    3.09406E+012  
        16.7500    3.84360E+012  
        16.8542    3.89320E+012  
        16.9583    3.78990E+012  
        17.0625    4.35382E+012  
        17.1667    4.79772E+012  
        17.2708    4.41844E+012  
        17.3750    5.12607E+012  
        17.4792    5.70780E+012  
        17.5833    5.13827E+012  
        17.6875    6.11200E+012  
        17.7917    6.47290E+012  
        17.8958    6.39959E+012  
        18.0000    6.60193E+012  
        18.1042    8.00859E+012  
        18.2083    7.14946E+012  
        18.3125    7.71317E+012  
        18.4167    9.27903E+012  
        18.5208    8.11293E+012  
        18.6250    9.26020E+012  
        18.7292    9.78906E+012  
        18.8333    1.04874E+013  
        18.9375    9.33252E+012  
        19.0417    1.20824E+013  
        19.1458    1.12111E+013  
        19.2500    1.11516E+013  
        19.3542    1.30813E+013  
        19.4583    1.28459E+013  
        19.5625    1.28359E+013  
        19.6667    1.36409E+013  
        19.7500    1.59330E+013  
        19.8542    1.27998E+013  
        19.9583    1.58993E+013  
        20.0625    1.59679E+013  
        20.1667    1.54926E+013  
        20.2500    1.60817E+013  
        20.3542    1.78288E+013  
        20.4583    1.65502E+013  
        20.5417    1.59244E+013  
        20.6458    2.00408E+013  
        20.7500    1.64200E+013  
        20.8333    1.80490E+013  
        20.9375    1.91890E+013  
        21.0208    1.90761E+013  
        21.1250    1.71082E+013  
        21.2083    2.01032E+013  
        21.3125    1.85350E+013  
        21.3958    1.71286E+013  
        21.4792    2.05129E+013  
        21.5833    1.83174E+013  
        21.6667    1.76441E+013  
        21.7500    1.88375E+013  
        21.8333    1.96706E+013  
        21.9167    1.62059E+013  
        22.0000    1.87603E+013  
        22.0833    1.84056E+013  
        22.1667    1.59425E+013  
        22.2500    1.75588E+013  
        22.3333    1.76307E+013  
        22.4167    1.50059E+013  
        22.5000    1.67011E+013  
        22.5625    1.65062E+013  
        22.6458    1.37427E+013  
        22.7083    1.52381E+013  
        22.7917    1.45811E+013  
        22.8542    1.29325E+013  
        22.9375    1.37664E+013  
        23.0000    1.26595E+013  
        23.0625    1.14820E+013  
        23.1458    1.18742E+013  
        23.2083    1.08000E+013  
        23.2708    1.01381E+013  
        23.3333    9.99611E+012  
        23.3958    8.90876E+012  
        23.4583    7.91788E+012  
        23.5000    7.69737E+012  
        23.5625    7.22572E+012  
        23.6250    6.13729E+012  
        23.6667    5.70180E+012  
        23.7292    5.23310E+012  
        23.7708    4.69118E+012  
        23.8333    3.63712E+012  
        23.8750    2.78224E+012  
        23.9167    2.10308E+012  
        23.9583    1.83832E+012  
        24.0000    1.66021E+012  
        24.0417    1.21086E+012  
        24.0833    8.90300E+011  
        24.1250    1.06371E+012  
        24.1667    1.34437E+012  
        24.2292    1.42987E+012  
        24.2708    1.26439E+012  
        24.3333    8.83914E+011  
        24.3750    9.37508E+011  
        24.4375    1.12040E+012  
        24.5000    8.89242E+011  
        24.5417    8.28861E+011  
        24.6042    1.29422E+012  
        24.6667    1.37162E+012  
        24.7292    1.29771E+012  
        24.7917    1.21366E+012  
        24.8542    1.06494E+012  
        24.9375    9.46536E+011  
        25.0000    9.74827E+011  
