 flux tru 4x2 mm ap., at 28m, k=2 
 ________________________________ 
                                  
          energy              flux
  ______________    ______________
                                  
       0.0000000        0.08573619
      0.02209743      1.454119E+11
      0.04419487      1.593747E+10
      0.07734102      3.645178E+10
      0.09943845      1.200215E+11
       0.1325846      5.982412E+10
       0.1546820      9.657515E+10
       0.1878282      1.155353E+11
       0.2209743      7.842475E+10
       0.2651692      8.388050E+10
       0.2983153      6.661793E+10
       0.3314615      9.216333E+10
       0.3756564      9.422166E+10
       0.4198512      9.677085E+10
       0.4640461      9.966251E+10
       0.5082410      1.028123E+11
       0.5524359      1.061748E+11
       0.5966307      1.097326E+11
       0.6408256      1.134857E+11
       0.6850204      1.174446E+11
       0.7402641      1.126870E+11
       0.7844589      1.175517E+11
       0.8397025      1.331604E+11
       0.8838974      1.382393E+11
       0.9391410      1.535408E+11
       0.9943845      1.524388E+11
        1.038579      1.587821E+11
        1.093823      1.597194E+11
        1.149067      1.766044E+11
        1.204310      1.938659E+11
        1.259554      1.979864E+11
        1.314797      2.036337E+11
        1.370041      2.238415E+11
        1.425284      2.452213E+11
        1.480528      2.557465E+11
        1.535772      2.685535E+11
        1.591015      2.961719E+11
        1.646259      3.294316E+11
        1.701502      3.618008E+11
        1.756746      3.983809E+11
        1.811990      4.588573E+11
        1.867233      5.391375E+11
        1.922477      6.394036E+11
        1.977720      7.944125E+11
        2.032964      1.055645E+12
        2.088207      1.469039E+12
        2.143451      2.107652E+12
        2.187646      2.884826E+12
        2.242889      4.321304E+12
        2.298133      6.532846E+12
        2.342328      9.049409E+12
        2.397572      1.350070E+13
        2.441767      1.841009E+13
        2.497010      2.679568E+13
        2.541205      3.582331E+13
        2.585400      4.749514E+13
        2.629595      6.250894E+13
        2.673790      8.181176E+13
        2.717984      1.067350E+14
        2.762179      1.388577E+14
        2.806374      1.806515E+14
        2.850569      2.351715E+14
        2.883715      2.865362E+14
        2.916861      3.476260E+14
        2.961056      4.447888E+14
        2.994202      5.264572E+14
        3.027349      6.120257E+14
        3.049446      6.675431E+14
        3.082592      7.411918E+14
        3.104690      7.862441E+14
        3.137836      8.247094E+14
        3.159933      7.947730E+14
        3.182030      4.505491E+14
        3.204128      9.434569E+13
        3.226225      3.496032E+13
        3.259372      1.636580E+13
        3.281469      1.479779E+13
        3.314615      9.086833E+12
        3.336713      7.510072E+12
        3.369859      6.039617E+12
        3.403005      4.515098E+12
        3.447200      3.499603E+12
        3.480346      2.867648E+12
        3.513492      2.582919E+12
        3.557687      2.182763E+12
        3.601882      1.896655E+12
        3.646077      1.694897E+12
        3.690271      1.554373E+12
        3.734467      1.463388E+12
        3.778661      1.418939E+12
        3.822856      1.418261E+12
        3.867051      1.459662E+12
        3.922295      1.562915E+12
        3.966489      1.714498E+12
        4.021733      1.980206E+12
        4.065928      2.274539E+12
        4.121171      2.766233E+12
        4.176415      3.414230E+12
        4.220610      4.054748E+12
        4.275854      5.052194E+12
        4.331097      6.298678E+12
        4.386341      7.861026E+12
        4.441584      9.792301E+12
        4.496828      1.213323E+13
        4.552072      1.493423E+13
        4.607315      1.828559E+13
        4.662559      2.230011E+13
        4.717802      2.707196E+13
        4.773046      3.265252E+13
        4.828290      3.906044E+13
        4.883533      4.635589E+13
        4.938776      5.466277E+13
        4.994020      6.419807E+13
        5.049263      7.505298E+13
        5.104507      8.723266E+13
        5.159751      1.005743E+14
        5.214994      1.149911E+14
        5.270238      1.306839E+14
        5.325482      1.479039E+14
        5.369677      1.624717E+14
        5.424920      1.819708E+14
        5.480164      2.020420E+14
        5.524359      2.184799E+14
        5.579602      2.391409E+14
        5.623797      2.557509E+14
        5.679040      2.759307E+14
        5.723236      2.909892E+14
        5.767430      3.045665E+14
        5.811625      3.162229E+14
        5.855820      3.251577E+14
        5.900015      3.305572E+14
        5.944210      3.319647E+14
        5.988405      3.281567E+14
        6.032599      3.182316E+14
        6.065745      3.069312E+14
        6.098892      2.908646E+14
        6.143086      2.640168E+14
        6.176233      2.378200E+14
        6.209379      2.086759E+14
        6.231476      1.852253E+14
        6.264622      1.486971E+14
        6.286720      1.217645E+14
        6.319866      7.745086E+13
        6.341963      4.805956E+13
        6.364061      2.282869E+13
        6.386158      1.335394E+13
        6.408256      1.340408E+13
        6.441402      1.094157E+13
        6.463500      1.146715E+13
        6.496646      1.266177E+13
        6.518743      1.134990E+13
        6.551889      1.434033E+13
        6.585035      1.269649E+13
        6.629230      1.644303E+13
        6.662376      1.489285E+13
        6.695523      1.872431E+13
        6.739717      1.806447E+13
        6.783912      2.117464E+13
        6.828107      2.378174E+13
        6.872302      2.421204E+13
        6.916497      2.876594E+13
        6.960691      3.015165E+13
        7.004886      3.301830E+13
        7.049081      3.708771E+13
        7.104325      4.023863E+13
        7.148520      4.374572E+13
        7.203763      4.883613E+13
        7.247959      5.235162E+13
        7.303202      5.738887E+13
        7.358445      6.279782E+13
        7.402640      6.726803E+13
        7.457884      7.316567E+13
        7.513128      7.899795E+13
        7.568371      8.446155E+13
        7.623614      9.028581E+13
        7.678858      9.678008E+13
        7.734102      1.029565E+14
        7.789346      1.080175E+14
        7.844589      1.126303E+14
        7.899832      1.177579E+14
        7.955076      1.229594E+14
        8.010320      1.269755E+14
        8.065563      1.294706E+14
        8.120807      1.311106E+14
        8.176050      1.326062E+14
        8.231294      1.337554E+14
        8.286538      1.337823E+14
        8.341782      1.323163E+14
        8.397024      1.294338E+14
        8.452269      1.257541E+14
        8.507512      1.214812E+14
        8.551707      1.185340E+14
        8.606951      1.140842E+14
        8.662194      1.099958E+14
        8.706389      1.068124E+14
        8.761633      1.039988E+14
        8.805827      1.022907E+14
        8.861072      1.028021E+14
        8.905266      1.052110E+14
        8.949461      1.098582E+14
        8.993655      1.162833E+14
        9.037850      1.274991E+14
        9.082046      1.380628E+14
        9.126240      1.579321E+14
        9.170435      1.732737E+14
        9.214629      2.033736E+14
        9.247776      2.189805E+14
        9.280922      2.433198E+14
        9.325117      2.847439E+14
        9.358263      3.065849E+14
        9.391409      3.462879E+14
        9.413507      3.782929E+14
        9.446652      4.024077E+14
        9.468750      4.342809E+14
        9.501897      4.855732E+14
        9.523993      4.716236E+14
        9.546091      2.886569E+14
        9.568189      9.581424E+13
        9.590286      7.194182E+13
        9.623432      5.535321E+13
        9.645530      4.786097E+13
        9.678677      5.740115E+13
        9.700773      6.299323E+13
        9.733919      4.694786E+13
        9.767066      5.489704E+13
        9.811260      5.826257E+13
        9.844407      5.183061E+13
        9.877553      6.355238E+13
        9.921748      5.614645E+13
        9.965942      6.304096E+13
        10.01014      6.170041E+13
        10.05433      6.313261E+13
        10.09853      6.510191E+13
        10.14272      6.413616E+13
        10.18692      6.655135E+13
        10.23111      6.543022E+13
        10.28636      6.671993E+13
        10.33055      6.667861E+13
        10.38579      6.652084E+13
        10.42999      6.625220E+13
        10.48523      6.564454E+13
        10.54048      6.422879E+13
        10.58467      6.393748E+13
        10.63991      6.164002E+13
        10.69516      6.086675E+13
        10.75040      5.865134E+13
        10.80564      5.672530E+13
        10.86089      5.556000E+13
        10.91613      5.312960E+13
        10.97138      5.222849E+13
        11.02662      5.102181E+13
        11.08186      5.021572E+13
        11.13711      5.061936E+13
        11.19235      5.133360E+13
        11.24759      5.325096E+13
        11.30284      5.637272E+13
        11.35808      6.084675E+13
        11.41332      6.659217E+13
        11.46857      7.443720E+13
        11.52381      8.360001E+13
        11.57905      9.502159E+13
        11.63430      1.081337E+14
        11.68954      1.232862E+14
        11.73374      1.368549E+14
        11.78898      1.550337E+14
        11.84422      1.751455E+14
        11.88842      1.923632E+14
        11.94366      2.127560E+14
        11.98786      2.324278E+14
        12.04310      2.533190E+14
        12.08730      2.709509E+14
        12.13149      2.883817E+14
        12.17569      2.997549E+14
        12.21988      3.163917E+14
        12.26408      3.268875E+14
        12.30827      3.288963E+14
        12.35247      3.377011E+14
        12.39666      3.309197E+14
        12.42981      3.236053E+14
        12.46295      3.193675E+14
        12.50715      2.975989E+14
        12.54029      2.739613E+14
        12.57344      2.536876E+14
        12.59554      2.366801E+14
        12.62868      1.918222E+14
        12.65078      1.600223E+14
        12.68393      1.183996E+14
        12.70602      8.895354E+13
        12.72812      6.055007E+13
        12.75022      3.475609E+13
        12.77232      3.181973E+13
        12.80546      3.476112E+13
        12.82756      4.328689E+13
        12.86071      3.433938E+13
        12.88280      2.785721E+13
        12.91595      2.996584E+13
        12.94910      3.802954E+13
        12.99329      3.027562E+13
        13.02644      2.796502E+13
        13.05958      3.179046E+13
        13.10378      3.210554E+13
        13.14797      2.905116E+13
        13.19217      2.986912E+13
        13.23636      3.068204E+13
        13.28056      3.076803E+13
        13.32475      2.992018E+13
        13.36895      3.175416E+13
        13.41314      3.294530E+13
        13.46839      3.326766E+13
        13.51258      3.580041E+13
        13.56782      3.827934E+13
        13.61202      3.986757E+13
        13.66726      4.400564E+13
        13.72251      4.810347E+13
        13.76670      5.153929E+13
        13.82195      5.695589E+13
        13.87719      6.305020E+13
        13.93243      6.954679E+13
        13.98768      7.663958E+13
        14.04292      8.466436E+13
        14.09816      9.294595E+13
        14.15341      1.017874E+14
        14.20865      1.113854E+14
        14.26389      1.204395E+14
        14.31914      1.310146E+14
        14.37438      1.401782E+14
        14.42962      1.506288E+14
        14.48487      1.599629E+14
        14.54011      1.690986E+14
        14.59536      1.781520E+14
        14.65060      1.852437E+14
        14.70584      1.929888E+14
        14.76109      1.979899E+14
        14.81633      2.025196E+14
        14.87157      2.059239E+14
        14.91577      2.057204E+14
        14.97101      2.068834E+14
        15.02626      2.048573E+14
        15.07045      2.012121E+14
        15.12569      1.977920E+14
        15.16989      1.898268E+14
        15.22513      1.807199E+14
        15.26933      1.762648E+14
        15.31352      1.661016E+14
        15.35772      1.567026E+14
        15.40191      1.502460E+14
        15.44611      1.437215E+14
        15.49030      1.366146E+14
        15.53450      1.318866E+14
        15.57869      1.329148E+14
        15.61184      1.379199E+14
        15.64498      1.457489E+14
        15.68918      1.529087E+14
        15.72232      1.716040E+14
        15.75547      1.936683E+14
        15.77757      2.134165E+14
        15.81071      2.464069E+14
        15.83281      2.717867E+14
        15.86596      3.038264E+14
        15.88806      3.113108E+14
        15.91015      2.063817E+14
        15.93225      7.709776E+13
        15.95435      5.665392E+13
        15.98749      4.462435E+13
        16.00959      4.405476E+13
        16.04274      4.606935E+13
        16.06483      4.335104E+13
        16.09798      5.051212E+13
        16.13113      5.465210E+13
        16.17532      5.173905E+13
        16.20847      5.678465E+13
        16.24161      5.934020E+13
        16.28581      6.167214E+13
        16.33000      6.665651E+13
        16.37420      6.994991E+13
        16.41839      7.272855E+13
        16.46259      7.804159E+13
        16.50678      8.158380E+13
        16.55098      8.489687E+13
        16.59517      8.945090E+13
        16.65042      9.410141E+13
        16.69461      9.795401E+13
        16.74986      1.022470E+14
        16.79405      1.060314E+14
        16.84929      1.101081E+14
        16.90454      1.136304E+14
        16.94873      1.173022E+14
        17.00397      1.188770E+14
        17.05922      1.228991E+14
        17.11446      1.236350E+14
        17.16971      1.261248E+14
        17.22495      1.265051E+14
        17.28019      1.270618E+14
        17.33544      1.269026E+14
        17.39068      1.260587E+14
        17.44592      1.250824E+14
        17.50117      1.230077E+14
        17.55641      1.232903E+14
        17.61165      1.206596E+14
        17.66690      1.185921E+14
        17.72214      1.160045E+14
        17.77739      1.140490E+14
        17.83263      1.120160E+14
        17.88787      1.107927E+14
        17.94312      1.102841E+14
        17.99836      1.106414E+14
        18.05360      1.126202E+14
        18.09780      1.147854E+14
        18.15304      1.193075E+14
        18.20829      1.259061E+14
        18.25248      1.326662E+14
        18.30772      1.425611E+14
        18.35192      1.519562E+14
        18.40716      1.670257E+14
        18.45136      1.804608E+14
        18.49555      1.929651E+14
        18.53975      2.069407E+14
        18.58394      2.249036E+14
        18.62814      2.418019E+14
        18.67233      2.536353E+14
        18.71653      2.644413E+14
        18.76072      2.819150E+14
        18.79387      2.895154E+14
        18.82701      2.866243E+14
        18.87121      2.780674E+14
        18.90435      2.800423E+14
        18.93750      2.742113E+14
        18.95960      2.544321E+14
        18.99274      2.214674E+14
        19.01484      1.860151E+14
        19.04799      1.673459E+14
        19.07009      1.259205E+14
        19.09218      1.095718E+14
        19.11428      1.004534E+14
        19.13638      7.776706E+13
        19.16952      6.886057E+13
        19.19162      8.370560E+13
        19.22477      8.368586E+13
        19.24686      1.028438E+14
        19.28001      8.646898E+13
        19.31316      7.310367E+13
        19.35735      8.310188E+13
        19.39050      9.320047E+13
        19.42364      9.007794E+13
        19.46784      8.041106E+13
        19.51204      8.599118E+13
        19.55623      8.870496E+13
        19.60042      8.389432E+13
        19.64462      8.423937E+13
        19.68881      8.531739E+13
        19.73301      8.408409E+13
        19.77720      8.247919E+13
        19.83245      8.161196E+13
        19.87664      8.093713E+13
        19.93188      8.042767E+13
        19.97608      7.810748E+13
        20.03132      8.002487E+13
        20.08657      7.896761E+13
        20.13076      7.787292E+13
        20.18601      7.844274E+13
        20.24125      7.804716E+13
        20.29649      7.872392E+13
        20.35174      7.990121E+13
        20.40698      8.148996E+13
        20.46222      8.438834E+13
        20.51747      8.703750E+13
        20.57271      9.136717E+13
        20.62795      9.658423E+13
        20.68320      1.019698E+14
        20.73844      1.085637E+14
        20.79369      1.165705E+14
        20.84893      1.248680E+14
        20.90417      1.334438E+14
        20.95942      1.436010E+14
        21.01466      1.541180E+14
        21.06990      1.641277E+14
        21.12515      1.746291E+14
        21.18039      1.858929E+14
        21.23563      1.952521E+14
        21.27983      2.025717E+14
        21.33507      2.109898E+14
        21.39032      2.182322E+14
        21.43451      2.218529E+14
        21.48975      2.253427E+14
        21.53395      2.254292E+14
        21.58919      2.244401E+14
        21.63339      2.225548E+14
        21.67758      2.159181E+14
        21.72178      2.076931E+14
        21.76597      1.977984E+14
        21.81017      1.947928E+14
        21.85436      1.804768E+14
        21.89856      1.622629E+14
        21.94275      1.546283E+14
        21.97590      1.545936E+14
        22.00904      1.560474E+14
        22.05324      1.417964E+14
        22.08639      1.394751E+14
        22.11953      1.527840E+14
        22.14163      1.743392E+14
        22.17477      2.010896E+14
        22.19687      2.100324E+14
        22.23002      2.355044E+14
        22.25212      2.561376E+14
        22.27421      1.766191E+14
        22.29631      8.123480E+13
        22.31841      6.066848E+13
        22.35155      7.401575E+13
        22.37365      6.761907E+13
        22.40680      5.023628E+13
        22.42890      5.141948E+13
        22.46204      5.770333E+13
        22.49519      6.452811E+13
        22.53938      5.809689E+13
        22.57253      5.318354E+13
        22.60567      5.717924E+13
        22.64987      6.188021E+13
        22.69407      6.324185E+13
        22.73826      6.160017E+13
        22.78245      6.215114E+13
        22.82665      6.498879E+13
        22.87084      6.880818E+13
        22.91504      7.079447E+13
        22.95923      7.199273E+13
        23.01448      7.633878E+13
        23.05867      7.999563E+13
        23.11391      8.453016E+13
        23.15811      8.813087E+13
        23.21335      9.364757E+13
        23.26860      9.902456E+13
        23.31279      1.032946E+14
        23.36804      1.097435E+14
        23.42328      1.160026E+14
        23.47852      1.217615E+14
        23.53377      1.275616E+14
        23.58901      1.338832E+14
        23.64425      1.400951E+14
        23.69950      1.445620E+14
        23.75474      1.491538E+14
        23.80998      1.543530E+14
        23.86523      1.577284E+14
        23.92047      1.599192E+14
        23.97572      1.619021E+14
        24.03096      1.634385E+14
        24.08620      1.633372E+14
        24.14145      1.617411E+14
        24.19669      1.602229E+14
        24.25193      1.576453E+14
        24.30718      1.535669E+14
        24.36242      1.490747E+14
        24.41766      1.449788E+14
        24.46186      1.409577E+14
        24.51710      1.355883E+14
        24.57235      1.314408E+14
        24.61654      1.283400E+14
        24.67179      1.265784E+14
        24.71598      1.257753E+14
        24.77122      1.266262E+14
        24.81542      1.284932E+14
        24.85961      1.323295E+14
        24.90381      1.404329E+14
        24.94800      1.503607E+14
        24.99220      1.603172E+14
        25.03639      1.697733E+14
        25.08059      1.810688E+14
        25.12478      1.959896E+14
        25.15793      2.097057E+14
        25.19107      2.217681E+14
        25.23527      2.221391E+14
        25.26842      2.184883E+14
        25.30156      2.170358E+14
        25.32366      2.082802E+14
        25.35681      1.939210E+14
        25.37890      1.790228E+14
        25.41205      1.390707E+14
        25.43415      1.318351E+14
        25.45624      1.135391E+14
        25.47834      7.134764E+13
        25.50044      5.416073E+13
        25.53358      7.917569E+13
        25.55568      6.913196E+13
        25.58883      7.778482E+13
        25.61092      7.945382E+13
        25.64407      8.220081E+13
        25.67722      9.472753E+13
        25.72141      8.806880E+13
        25.75456      8.225278E+13
        25.78771      8.431881E+13
        25.83190      9.355906E+13
        25.87609      1.010667E+14
        25.92029      1.010709E+14
        25.96449      1.010687E+14
        26.00868      1.026801E+14
        26.05287      1.057101E+14
        26.09707      1.097253E+14
        26.14126      1.122751E+14
        26.19651      1.127999E+14
        26.24070      1.136580E+14
        26.29595      1.164893E+14
        26.34014      1.170441E+14
        26.39539      1.166765E+14
        26.45063      1.183008E+14
        26.49482      1.180467E+14
        26.55007      1.163101E+14
        26.60531      1.160819E+14
        26.66055      1.148246E+14
        26.71580      1.129421E+14
        26.77104      1.117356E+14
        26.82628      1.096366E+14
        26.88153      1.074676E+14
        26.93677      1.059657E+14
        26.99202      1.044633E+14
        27.04726      1.033383E+14
        27.10250      1.027320E+14
        27.15775      1.023430E+14
        27.21299      1.029833E+14
        27.26823      1.048394E+14
        27.32348      1.074280E+14
        27.37872      1.108450E+14
        27.43396      1.152807E+14
        27.48921      1.210654E+14
        27.54445      1.289418E+14
        27.59969      1.368404E+14
        27.64389      1.436256E+14
        27.69913      1.526917E+14
        27.75438      1.621427E+14
        27.79857      1.697186E+14
        27.85382      1.786767E+14
        27.89801      1.855995E+14
        27.95325      1.933006E+14
        27.99745      1.967423E+14
        28.04164      1.993591E+14
        28.08584      1.978467E+14
        28.13003      1.984453E+14
        28.17423      1.945467E+14
        28.21842      1.916688E+14
        28.26262      1.816163E+14
        28.30681      1.732681E+14
        28.33996      1.658947E+14
        28.37311      1.582319E+14
        28.41730      1.447317E+14
        28.45045      1.456739E+14
        28.48359      1.544786E+14
        28.50569      1.616808E+14
        28.53884      1.965215E+14
        28.56093      2.118485E+14
        28.59408      1.993438E+14
        28.61618      2.028595E+14
        28.63827      1.629557E+14
        28.66037      1.024488E+14
        28.68247      8.273602E+13
        28.71561      9.863234E+13
        28.73771      1.077111E+14
        28.77086      9.952331E+13
        28.79296      9.278198E+13
        28.82610      8.539163E+13
        28.85925      7.941029E+13
        28.90344      8.375106E+13
        28.93659      8.972266E+13
        28.96974      8.801967E+13
        29.01393      8.392759E+13
        29.05813      8.399031E+13
        29.10232      8.564066E+13
        29.14651      8.304596E+13
        29.19071      8.124044E+13
        29.23491      7.940587E+13
        29.27910      7.969814E+13
        29.32329      8.006231E+13
        29.37854      7.936471E+13
        29.42273      7.939312E+13
        29.47798      7.812638E+13
        29.52217      7.834804E+13
        29.57742      7.985115E+13
        29.63266      8.093575E+13
        29.67686      8.194500E+13
        29.73210      8.425072E+13
        29.78734      8.710479E+13
        29.84258      9.047925E+13
        29.89783      9.411524E+13
        29.95307      9.825077E+13
        30.00831      1.032231E+14
        30.06356      1.105968E+14
        30.11880      1.165106E+14
        30.17405      1.221642E+14
        30.22929      1.278495E+14
        30.28453      1.341163E+14
        30.33978      1.406736E+14
        30.39502      1.463560E+14
        30.45026      1.510040E+14
        30.50551      1.553614E+14
        30.56075      1.595079E+14
        30.61599      1.625527E+14
        30.67124      1.637916E+14
        30.72648      1.638758E+14
        30.78172      1.635317E+14
        30.82592      1.627746E+14
        30.88116      1.596099E+14
        30.93641      1.548810E+14
        30.98060      1.512345E+14
        31.03585      1.464226E+14
        31.08004      1.419690E+14
        31.13528      1.378704E+14
        31.17948      1.357740E+14
        31.22367      1.335089E+14
        31.26787      1.316832E+14
        31.31206      1.302098E+14
        31.35626      1.344080E+14
        31.40045      1.413887E+14
        31.44465      1.492112E+14
        31.48884      1.550965E+14
        31.52199      1.612516E+14
        31.55514      1.744501E+14
        31.59933      1.858861E+14
        31.63248      1.863295E+14
        31.66562      1.817466E+14
        31.68772      1.796093E+14
        31.72087      1.704001E+14
        31.74296      1.503570E+14
        31.77611      1.201023E+14
        31.79821      9.814969E+13
        31.82030      8.424980E+13
        31.84240      7.661211E+13
        31.86450      8.288925E+13
        31.89764      6.530158E+13
        31.91974      5.919169E+13
        31.95289      5.841644E+13
        31.97499      5.698066E+13
        32.00813      6.164381E+13
        32.04128      6.588102E+13
        32.08547      6.401560E+13
        32.11862      6.665164E+13
        32.15177      6.974394E+13
        32.19596      7.202242E+13
        32.24016      7.362597E+13
        32.28435      7.333130E+13
        32.32854      7.513548E+13
        32.37274      7.944006E+13
        32.41693      8.230077E+13
        32.46113      8.509162E+13
        32.50533      8.872530E+13
        32.56057      9.549193E+13
        32.60476      9.841480E+13
        32.66001      1.024930E+14
        32.70420      1.059158E+14
        32.75945      1.097341E+14
        32.81469      1.134291E+14
        32.85889      1.167181E+14
        32.91413      1.199022E+14
        32.96937      1.217636E+14
        33.02462      1.239967E+14
        33.07986      1.265183E+14
        33.13510      1.277576E+14
        33.19035      1.276417E+14
        33.24559      1.271836E+14
        33.30083      1.267709E+14
        33.35608      1.261050E+14
        33.41132      1.244466E+14
        33.46656      1.218470E+14
        33.52181      1.191281E+14
        33.57705      1.167408E+14
        33.63229      1.146186E+14
        33.68754      1.120102E+14
        33.74278      1.093740E+14
        33.79802      1.078215E+14
        33.85327      1.070999E+14
        33.90851      1.070200E+14
        33.96375      1.075658E+14
        34.00795      1.088533E+14
        34.06319      1.119394E+14
        34.11844      1.162519E+14
        34.16263      1.205631E+14
        34.21788      1.265316E+14
        34.26207      1.316577E+14
        34.31731      1.383007E+14
        34.36151      1.432536E+14
        34.40570      1.471393E+14
        34.44990      1.505514E+14
        34.49409      1.553100E+14
        34.53829      1.582489E+14
        34.58248      1.578748E+14
        34.62668      1.530464E+14
        34.67087      1.442493E+14
        34.70402      1.352188E+14
        34.73717      1.327489E+14
        34.78136      1.254594E+14
        34.81451      1.208716E+14
        34.84765      1.209798E+14
        34.86975      1.323748E+14
        34.90290      1.533128E+14
        34.92500      1.496442E+14
        34.95814      1.579602E+14
        34.98024      1.764971E+14
        35.00233      1.497373E+14
        35.02443      8.084287E+13
        35.04653      6.238152E+13
        35.07967      8.975422E+13
        35.10177      8.908548E+13
        35.13492      8.491129E+13
        35.15702      9.517332E+13
        35.19016      1.038502E+14
        35.22331      9.503503E+13
        35.26750      8.660447E+13
        35.30065      8.790765E+13
        35.33380      9.363121E+13
        35.37799      9.747720E+13
        35.42219      9.931681E+13
        35.46638      9.842297E+13
        35.51057      9.791654E+13
        35.55477      9.833588E+13
        35.59896      9.804140E+13
        35.64316      9.843392E+13
        35.68736      9.925605E+13
        35.74260      9.825479E+13
        35.78679      9.632094E+13
        35.84204      9.539027E+13
        35.88623      9.497293E+13
        35.94148      9.312557E+13
        35.99672      9.088016E+13
        36.04092      8.971879E+13
        36.09616      8.881136E+13
        36.15140      8.760028E+13
        36.20665      8.622852E+13
        36.26189      8.525172E+13
        36.31713      8.492539E+13
        36.37238      8.533657E+13
        36.42762      8.617974E+13
        36.48286      8.740465E+13
        36.53811      8.909253E+13
        36.59335      9.147733E+13
        36.64859      9.471925E+13
        36.70384      9.863558E+13
        36.75908      1.028841E+14
        36.81432      1.072323E+14
        36.86957      1.117706E+14
        36.92481      1.166101E+14
        36.98005      1.217016E+14
        37.03530      1.265956E+14
        37.09054      1.307758E+14
        37.14579      1.342094E+14
        37.18998      1.364367E+14
        37.24522      1.384660E+14
        37.30047      1.394555E+14
        37.34466      1.392738E+14
        37.39991      1.378374E+14
        37.44410      1.360787E+14
        37.49934      1.339028E+14
        37.54354      1.320116E+14
        37.58773      1.328933E+14
        37.63193      1.305043E+14
        37.67612      1.272990E+14
        37.72032      1.253604E+14
        37.76451      1.267553E+14
        37.80871      1.337882E+14
        37.85290      1.457151E+14
        37.88605      1.520157E+14
        37.91920      1.542863E+14
        37.96339      1.534107E+14
        37.99654      1.589240E+14
        38.02969      1.666278E+14
        38.05178      1.679008E+14
        38.08493      1.614441E+14
        38.10703      1.585693E+14
        38.14017      1.543745E+14
        38.16227      1.182212E+14
        38.18436      9.353394E+13
        38.20646      9.299147E+13
        38.22856      7.113036E+13
        38.26171      5.415414E+13
        38.28380      6.005612E+13
        38.31695      7.191640E+13
        38.33905      8.207902E+13
        38.37219      8.195064E+13
        38.40534      7.141719E+13
        38.44954      6.520264E+13
        38.48268      6.873441E+13
        38.51583      6.978513E+13
        38.56002      6.968163E+13
        38.60422      6.778438E+13
        38.64841      6.491994E+13
        38.69261      6.492431E+13
        38.73680      6.677598E+13
        38.78099      6.736771E+13
        38.82519      6.771376E+13
        38.86938      6.864438E+13
        38.92463      6.985719E+13
        38.96882      7.079285E+13
        39.02407      7.277476E+13
        39.06826      7.503105E+13
        39.12351      7.799616E+13
        39.17875      8.096549E+13
        39.22295      8.367517E+13
        39.27819      8.745849E+13
        39.33343      9.130263E+13
        39.38868      9.517904E+13
        39.44392      9.895284E+13
        39.49916      1.024032E+14
        39.55441      1.056787E+14
        39.60965      1.088538E+14
        39.66489      1.117912E+14
        39.72014      1.143727E+14
        39.77538      1.163259E+14
        39.83062      1.173264E+14
        39.88587      1.175679E+14
        39.94111      1.175103E+14
        39.99636      1.172709E+14
        40.05160      1.167762E+14
        40.10684      1.175356E+14
        40.16209      1.153805E+14
        40.21733      1.129095E+14
        40.27257      1.110522E+14
        40.32782      1.097584E+14
        40.37201      1.089751E+14
        40.42725      1.079960E+14
        40.48250      1.071997E+14
        40.52669      1.074978E+14
        40.58194      1.096048E+14
        40.62613      1.123915E+14
        40.68138      1.158955E+14
        40.72557      1.181825E+14
        40.76976      1.210248E+14
        40.81396      1.240485E+14
        40.85815      1.265506E+14
        40.90235      1.274905E+14
        40.94654      1.278031E+14
        40.99074      1.293471E+14
        41.03493      1.294844E+14
        41.06808      1.267391E+14
        41.10123      1.222460E+14
        41.14542      1.088356E+14
        41.17857      9.690247E+13
        41.21172      8.902390E+13
        41.23381      9.177010E+13
        41.26696      1.024062E+14
        41.28905      1.155081E+14
        41.32220      1.214826E+14
        41.34430      1.160474E+14
        41.36639      9.346320E+13
        41.38849      7.149105E+13
        41.41059      6.989847E+13
        41.44374      6.870841E+13
        41.46584      6.937024E+13
        41.49898      6.930066E+13
        41.52108      6.700945E+13
        41.55422      6.517771E+13
        41.58737      6.621977E+13
        41.63157      6.559314E+13
        41.66471      6.827469E+13
        41.69786      7.010343E+13
        41.74205      7.371322E+13
        41.78625      7.771923E+13
        41.83044      8.013104E+13
        41.87464      8.270400E+13
        41.91883      8.474871E+13
        41.96303      8.596867E+13
        42.00722      8.759790E+13
        42.05141      8.994674E+13
        42.10666      9.276299E+13
        42.15086      9.377819E+13
        42.20610      9.444407E+13
        42.25029      9.566187E+13
        42.30554      9.727868E+13
        42.36078      9.771581E+13
        42.40498      9.727415E+13
        42.46022      9.637100E+13
        42.51546      9.556931E+13
        42.57071      9.597156E+13
        42.62595      9.513151E+13
        42.68119      9.384807E+13
        42.73643      9.207049E+13
        42.79168      9.024453E+13
        42.84692      8.884075E+13
        42.90217      8.797160E+13
        42.95741      8.748991E+13
        43.01265      8.714646E+13
        43.06790      8.685425E+13
        43.12314      8.691862E+13
        43.17839      8.770766E+13
        43.23363      8.920298E+13
        43.28887      9.121165E+13
        43.34412      9.358964E+13
        43.39936      9.624681E+13
        43.45460      9.913672E+13
        43.50985      1.022167E+14
        43.55404      1.046218E+14
        43.60928      1.073255E+14
        43.66453      1.095941E+14
        43.70872      1.110176E+14
        43.76397      1.121429E+14
        43.80816      1.122109E+14
        43.86341      1.115798E+14
        43.90760      1.111911E+14
        43.95179      1.105495E+14
        43.99599      1.093410E+14
        44.04018      1.081064E+14
        44.08438      1.069580E+14
        44.12857      1.057853E+14
        44.17277      1.053617E+14
        44.21696      1.086139E+14
        44.25011      1.143472E+14
        44.28326      1.209616E+14
        44.32745      1.314366E+14
        44.36060      1.381786E+14
        44.39375      1.414588E+14
        44.41584      1.415541E+14
        44.44899      1.437591E+14
        44.47108      1.435368E+14
        44.50423      1.279437E+14
        44.52633      1.222137E+14
        44.54843      9.773918E+13
        44.57053      7.336730E+13
        44.59262      7.608588E+13
        44.62577      7.227355E+13
        44.64787      7.230787E+13
        44.68101      7.926644E+13
        44.70311      8.307438E+13
        44.73626      8.563864E+13
        44.76940      8.492872E+13
        44.81359      7.763791E+13
        44.84674      7.543080E+13
        44.87989      7.549148E+13
        44.92408      7.801145E+13
        44.96828      8.018114E+13
        45.01247      7.882717E+13
        45.05667      7.700241E+13
        45.10086      7.620884E+13
        45.14506      7.478286E+13
        45.18925      7.344004E+13
        45.23345      7.228773E+13
        45.28869      7.137034E+13
        45.33289      7.089182E+13
        45.38813      7.022319E+13
        45.43232      6.974943E+13
        45.48757      6.950252E+13
        45.54281      6.952564E+13
        45.58701      6.973305E+13
        45.64225      7.029437E+13
        45.69749      7.134495E+13
        45.75274      7.295988E+13
        45.80798      7.496837E+13
        45.86322      7.719745E+13
        45.91846      7.955944E+13
        45.97371      8.203623E+13
        46.02895      8.470408E+13
        46.08420      8.755319E+13
        46.13944      9.039768E+13
        46.19468      9.306108E+13
        46.24993      9.546957E+13
        46.30517      9.757140E+13
        46.36042      9.936218E+13
        46.41566      1.008895E+14
        46.47091      1.020637E+14
        46.52615      1.027517E+14
        46.58139      1.030148E+14
        46.63663      1.029378E+14
        46.69188      1.025432E+14
        46.73607      1.021542E+14
        46.79131      1.017665E+14
        46.84656      1.014837E+14
        46.89075      1.015378E+14
        46.94600      1.020139E+14
        46.99019      1.028100E+14
        47.04544      1.050744E+14
        47.08963      1.072790E+14
        47.13383      1.091535E+14
        47.17802      1.110804E+14
        47.22221      1.133911E+14
        47.26641      1.156086E+14
        47.31060      1.165760E+14
        47.35480      1.177788E+14
        47.39899      1.197966E+14
        47.43214      1.218876E+14
        47.46529      1.223416E+14
        47.50948      1.143429E+14
        47.54263      1.064868E+14
        47.57578      9.352579E+13
        47.59787      8.891049E+13
        47.63102      8.003094E+13
        47.65312      8.280651E+13
        47.68626      9.370304E+13
        47.70836      9.465266E+13
        47.73046      9.429759E+13
        47.75256      8.193838E+13
        47.77465      7.578677E+13
        47.80780      6.765667E+13
        47.82990      5.653489E+13
        47.86304      5.292286E+13
        47.88514      5.557457E+13
        47.91829      5.780987E+13
        47.95143      5.766339E+13
        47.99562      5.746041E+13
        48.02877      5.600460E+13
        48.06192      5.506584E+13
        48.10611      5.549070E+13
        48.15031      5.650848E+13
        48.19450      5.811266E+13
        48.23870      6.014209E+13
        48.28289      6.190475E+13
        48.32709      6.355711E+13
        48.37128      6.550851E+13
        48.41548      6.741504E+13
        48.47072      6.963714E+13
        48.51492      7.159506E+13
        48.57016      7.426930E+13
        48.61435      7.630441E+13
        48.66960      7.859299E+13
        48.72484      8.079373E+13
        48.76904      8.255088E+13
        48.82428      8.452382E+13
        48.87952      8.610766E+13
        48.93477      8.733611E+13
        48.99001      8.815573E+13
        49.04525      8.855938E+13
        49.10050      8.869135E+13
        49.15574      8.868430E+13
        49.21098      8.855662E+13
        49.26623      8.827196E+13
        49.32147      8.775818E+13
        49.37671      8.694160E+13
        49.43196      8.594574E+13
        49.48720      8.509392E+13
        49.54245      8.464052E+13
        49.59769      8.461258E+13
        49.65294      8.483400E+13
        49.70818      8.506807E+13
        49.76342      8.523825E+13
        49.81866      8.563538E+13
        49.87391      8.663486E+13
        49.91810      8.783175E+13
        49.97334      8.951711E+13
        50.02859      9.091663E+13
        50.07278      9.148518E+13
        50.12803      9.358761E+13
        50.17222      9.380216E+13
        50.22747      9.394366E+13
        50.27166      9.343206E+13
        50.31586      9.211586E+13
        50.36005      9.026065E+13
        50.40425      8.884045E+13
        50.44844      8.788353E+13
        50.49263      8.657107E+13
        50.53683      8.533895E+13
        50.58102      8.481208E+13
        50.61417      8.577136E+13
        50.64732      8.647016E+13
        50.69151      9.157922E+13
        50.72466      9.790717E+13
        50.75780      1.052326E+14
        50.77990      1.071544E+14
        50.81305      1.031696E+14
        50.83515      9.616785E+13
        50.86829      9.300419E+13
        50.89039      9.388821E+13
        50.91249      8.750991E+13
        50.93459      7.780344E+13
        50.95668      6.567331E+13
        50.98983      6.328466E+13
        51.01192      7.006033E+13
        51.04507      7.004432E+13
        51.06717      6.532869E+13
        51.10032      6.254465E+13
        51.13346      6.307548E+13
        51.17766      6.410182E+13
        51.21080      6.770870E+13
        51.24395      7.024333E+13
        51.28814      7.303297E+13
        51.33234      7.510551E+13
        51.37653      7.569732E+13
        51.42073      7.602257E+13
        51.46492      7.567294E+13
        51.50912      7.496391E+13
        51.55331      7.482193E+13
        51.59751      7.513634E+13
        51.65275      7.515200E+13
        51.69695      7.449909E+13
        51.75219      7.322252E+13
        51.79639      7.234562E+13
        51.85163      7.165661E+13
        51.90687      7.099288E+13
        51.95107      7.024954E+13
        52.00631      6.919250E+13
        52.06155      6.824859E+13
        52.11679      6.756321E+13
        52.17204      6.718301E+13
        52.22728      6.709629E+13
        52.28253      6.723363E+13
        52.33777      6.757426E+13
        52.39302      6.818205E+13
        52.44826      6.907167E+13
        52.50350      7.016444E+13
        52.55875      7.136019E+13
        52.61399      7.471880E+13
        52.66924      7.596375E+13
        52.72448      7.719169E+13
        52.77972      7.845533E+13
        52.83496      7.974608E+13
        52.89021      8.093395E+13
        52.94545      8.189086E+13
        53.00069      8.254257E+13
        53.05593      8.283903E+13
        53.10013      8.290413E+13
        53.15538      8.304177E+13
        53.21062      8.331946E+13
        53.25481      8.352911E+13
        53.31005      8.390110E+13
        53.35425      8.440409E+13
        53.40949      8.523444E+13
        53.45369      8.648358E+13
        53.49789      8.847383E+13
        53.54208      9.086882E+13
        53.58628      9.384139E+13
        53.63047      9.701703E+13
        53.67467      1.005156E+14
        53.71886      1.036918E+14
        53.76306      1.053166E+14
        53.79620      1.059046E+14
        53.82935      1.044080E+14
        53.87354      1.003871E+14
        53.90668      9.779513E+13
        53.93984      9.651727E+13
        53.96193      9.321990E+13
        53.99508      9.519139E+13
        54.01718      9.725053E+13
        54.05032      9.959870E+13
        54.07242      9.297278E+13
        54.09452      7.267791E+13
        54.11662      5.842535E+13
        54.13871      5.947986E+13
        54.17186      6.360831E+13
        54.19395      6.348273E+13
        54.22710      6.460729E+13
        54.24920      6.510140E+13
        54.28235      6.416577E+13
        54.31549      6.195058E+13
        54.35969      5.844974E+13
        54.39283      5.578177E+13
        54.42598      5.400516E+13
        54.47017      5.391803E+13
        54.51437      5.384467E+13
        54.55857      5.329011E+13
        54.60276      5.283635E+13
        54.64695      5.278682E+13
        54.69115      5.283992E+13
        54.73534      5.288718E+13
        54.77954      5.299995E+13
        54.83478      5.335356E+13
        54.87898      5.382578E+13
        54.93422      5.457152E+13
        54.97842      5.536659E+13
        55.03366      5.675567E+13
        55.08890      5.845093E+13
        55.13310      6.179619E+13
        55.18834      6.350588E+13
        55.24358      6.508318E+13
        55.29882      6.656581E+13
        55.35407      6.799250E+13
        55.40932      6.939440E+13
        55.46456      7.078505E+13
        55.51980      7.209702E+13
        55.57505      7.321709E+13
        55.63029      7.407567E+13
        55.68553      7.467304E+13
        55.74078      7.505866E+13
        55.79602      7.530498E+13
        55.85126      7.550059E+13
        55.90651      7.574557E+13
        55.96175      7.609408E+13
        56.01699      7.652374E+13
        56.07224      7.698591E+13
        56.12748      7.743983E+13
        56.18272      7.789835E+13
        56.23797      7.845131E+13
        56.28216      7.902549E+13
        56.33741      7.997653E+13
        56.39265      8.122382E+13
        56.43684      8.237124E+13
        56.49208      8.365922E+13
        56.53628      8.434074E+13
        56.59153      8.473892E+13
        56.63572      8.449506E+13
        56.67992      8.352061E+13
        56.72411      8.210378E+13
        56.76831      8.066152E+13
        56.81250      7.895311E+13
        56.85670      7.613510E+13
        56.90089      7.266830E+13
        56.94509      7.188829E+13
        56.97823      7.292559E+13
        57.01138      7.482869E+13
        57.05557      7.799989E+13
        57.08872      8.082812E+13
        57.12187      8.340192E+13
        57.14397      8.547060E+13
        57.17711      8.322110E+13
        57.19921      7.722225E+13
        57.23235      6.132047E+13
        57.25445      5.554402E+13
        57.27655      5.593526E+13
        57.29865      5.209972E+13
        57.32074      4.550233E+13
        57.35389      4.357334E+13
        57.37599      4.423857E+13
        57.40913      4.790283E+13
        57.43123      4.774897E+13
        57.46438      4.660552E+13
        57.49752      4.721726E+13
        57.54172      4.748379E+13
        57.57486      4.837173E+13
        57.60801      5.157957E+13
        57.65220      5.283338E+13
        57.69640      5.423600E+13
        57.74060      5.547748E+13
        57.78479      5.673219E+13
        57.82898      5.813233E+13
        57.87318      5.932499E+13
        57.91737      6.047267E+13
        57.96157      6.180997E+13
        58.01682      6.338976E+13
        58.06101      6.423100E+13
        58.11625      6.484580E+13
        58.16045      6.516417E+13
        58.21569      6.547541E+13
        58.27093      6.575319E+13
        58.31513      6.593411E+13
        58.37037      6.602483E+13
        58.42561      6.588214E+13
        58.48085      6.549644E+13
        58.53610      6.499390E+13
        58.59135      6.456897E+13
        58.64659      6.434583E+13
        58.70183      6.433298E+13
        58.75708      6.444997E+13
        58.81232      6.458675E+13
        58.86756      6.467241E+13
        58.92281      6.471576E+13
        58.97805      6.479817E+13
        59.03329      6.502436E+13
        59.08854      6.544496E+13
        59.14378      6.600880E+13
        59.19902      6.658237E+13
        59.25427      6.701573E+13
        59.30951      6.722755E+13
        59.36475      6.726144E+13
        59.42000      6.722684E+13
        59.46420      6.717788E+13
        59.51944      6.702806E+13
        59.57468      6.670453E+13
        59.61887      6.631592E+13
        59.67412      6.577591E+13
        59.71831      6.548039E+13
        59.77356      6.548520E+13
        59.81775      6.577282E+13
        59.86195      6.637286E+13
        59.90614      6.741291E+13
        59.95034      6.890589E+13
        59.99453      7.102459E+13
        60.03873      7.365100E+13
        60.08292      7.603621E+13
        60.12712      7.814648E+13
        60.16026      7.812390E+13
        60.19341      7.848019E+13
        60.23760      7.951119E+13
        60.27075      7.887665E+13
        60.30390      7.780611E+13
        60.32600      7.841125E+13
        60.35914      7.745634E+13
        60.38124      7.438371E+13
        60.41438      7.489595E+13
        60.43648      7.909858E+13
        60.45858      7.984337E+13
        60.48067      7.199793E+13
        60.50277      6.159780E+13
        60.53592      5.766781E+13
        60.55802      5.870030E+13
        60.59116      6.136421E+13
        60.61326      6.129717E+13
        60.64641      5.874920E+13
        60.67955      5.630642E+13
        60.72375      5.467482E+13
        60.75689      5.490636E+13
        60.79004      5.562348E+13
        60.83423      5.615905E+13
        60.87843      5.660561E+13
        60.92263      5.660175E+13
        60.96682      5.635560E+13
        61.01101      5.608022E+13
        61.05521      5.568941E+13
        61.09940      5.483693E+13
        61.14360      5.372386E+13
        61.19884      5.268223E+13
        61.24304      5.221224E+13
        61.29828      5.192488E+13
        61.34248      5.186282E+13
        61.39772      5.186800E+13
        61.45296      5.189291E+13
        61.49716      5.197461E+13
        61.55240      5.223758E+13
        61.60764      5.270817E+13
        61.66289      5.333852E+13
        61.71814      5.404499E+13
        61.77338      5.477822E+13
        61.82862      5.552822E+13
        61.88386      5.627669E+13
        61.93911      5.698670E+13
        61.99435      5.763006E+13
        62.04959      5.821115E+13
        62.10484      5.875026E+13
        62.16008      5.925341E+13
        62.21533      5.972180E+13
        62.27057      6.018436E+13
        62.32581      6.068973E+13
        62.38105      6.125876E+13
        62.43630      6.186464E+13
        62.49154      6.247508E+13
        62.54679      6.311280E+13
        62.60203      6.383781E+13
        62.64622      6.509810E+13
        62.70147      6.608412E+13
        62.75671      6.734925E+13
        62.80090      6.858556E+13
        62.85615      7.032248E+13
        62.90034      7.169696E+13
        62.95559      7.311434E+13
        62.99978      7.398249E+13
        63.04398      7.478287E+13
        63.08817      7.554576E+13
        63.13237      7.606610E+13
        63.17656      7.582751E+13
        63.22076      7.458315E+13
        63.26495      7.362585E+13
        63.30915      7.287304E+13
        63.34229      7.156841E+13
        63.37544      7.012046E+13
        63.41963      6.801118E+13
        63.45278      6.733175E+13
        63.48593      6.664728E+13
        63.50803      6.725775E+13
        63.54117      6.918953E+13
        63.56327      7.061341E+13
        63.59641      6.827972E+13
        63.61851      6.459566E+13
        63.64061      6.150799E+13
        63.66271      5.913775E+13
        63.68481      5.778212E+13
        63.71795      5.598377E+13
        63.74005      5.165142E+13
        63.77319      4.386207E+13
        63.79529      4.071617E+13
        63.82844      3.856335E+13
        63.86158      3.775338E+13
        63.90578      3.820165E+13
        63.93892      3.900648E+13
        63.97207      3.943673E+13
        64.01627      4.014235E+13
        64.06046      4.094869E+13
        64.10466      4.169833E+13
        64.14885      4.271750E+13
        64.19305      4.376947E+13
        64.23724      4.465156E+13
        64.28143      4.543082E+13
        64.32563      4.621374E+13
        64.38087      4.725004E+13
        64.42507      4.809108E+13
        64.48032      4.913208E+13
        64.52451      4.996329E+13
        64.57975      5.099014E+13
        64.63499      5.191112E+13
        64.67919      5.251417E+13
        64.73443      5.311964E+13
        64.78967      5.362556E+13
        64.84492      5.408120E+13
        64.90016      5.451938E+13
        64.95541      5.495198E+13
        65.01065      5.536418E+13
        65.06589      5.573618E+13
        65.12114      5.679106E+13
        65.17638      5.712408E+13
        65.23162      5.747519E+13
        65.28687      5.787174E+13
        65.34211      5.831234E+13
        65.39735      5.876979E+13
        65.45260      5.920850E+13
        65.50784      5.960495E+13
        65.56308      5.996402E+13
        65.61833      6.031637E+13
        65.67358      6.069149E+13
        65.72881      6.108208E+13
        65.78406      6.141423E+13
        65.82825      6.155129E+13
        65.88350      6.144229E+13
        65.93874      6.094160E+13
        65.98293      6.032726E+13
        66.03818      5.954080E+13
        66.08237      5.899995E+13
        66.13762      5.831335E+13
        66.18182      5.765832E+13
        66.22601      5.690752E+13
        66.27020      5.615542E+13
        66.31440      5.574568E+13
        66.35859      5.600585E+13
        66.40279      5.700069E+13
        66.44698      5.866107E+13
        66.49118      6.042771E+13
        66.52432      6.156869E+13
        66.55746      6.248915E+13
        66.60166      6.233740E+13
        66.63481      6.171092E+13
        66.66796      6.000690E+13
        66.69006      5.890611E+13
        66.72320      5.447747E+13
        66.74530      5.151964E+13
        66.77844      5.586797E+13
        66.80054      5.867760E+13
        66.82264      5.171992E+13
        66.84473      3.998128E+13
        66.86684      3.472497E+13
        66.89998      3.822944E+13
        66.92208      4.377879E+13
        66.95522      4.430431E+13
        66.97732      4.512387E+13
        67.01047      4.725682E+13
        67.04362      4.716421E+13
        67.08781      4.610066E+13
        67.12096      4.604793E+13
        67.15410      4.657280E+13
        67.19830      4.739178E+13
        67.24249      4.796408E+13
        67.28669      4.807249E+13
        67.33088      4.826309E+13
        67.37508      4.876053E+13
        67.41927      4.918857E+13
        67.46346      4.920466E+13
        67.50766      4.894335E+13
        67.56290      4.866983E+13
        67.60710      4.860939E+13
        67.66235      4.959773E+13
        67.70654      4.956276E+13
        67.76178      4.942843E+13
        67.81702      4.924480E+13
        67.86122      4.910206E+13
        67.91647      4.897893E+13
        67.97170      4.896023E+13
        68.02695      4.904442E+13
        68.08219      4.919290E+13
        68.13744      4.937166E+13
        68.19268      4.956304E+13
        68.24792      4.975059E+13
        68.30317      4.990834E+13
        68.35841      5.001152E+13
        68.41366      5.005537E+13
        68.46889      5.006174E+13
        68.52414      5.006205E+13
        68.57938      5.007583E+13
        68.63463      5.010727E+13
        68.68987      5.015729E+13
        68.74512      5.022780E+13
        68.80036      5.031035E+13
        68.85561      5.038339E+13
        68.91084      5.043842E+13
        68.96609      5.051720E+13
        69.01028      5.065896E+13
        69.06553      5.100608E+13
        69.12077      5.155916E+13
        69.16496      5.213329E+13
        69.22021      5.302144E+13
        69.26440      5.390047E+13
        69.31965      5.522302E+13
        69.36385      5.634763E+13
        69.40804      5.727680E+13
        69.45223      5.795030E+13
        69.49643      5.855426E+13
        69.54062      5.906116E+13
        69.58482      5.959101E+13
        69.62901      6.021386E+13
        69.67321      6.032102E+13
        69.70635      6.059039E+13
        69.73950      6.168189E+13
        69.78369      6.367640E+13
        69.81684      6.488365E+13
        69.84999      6.491077E+13
        69.87209      6.498612E+13
        69.90523      6.607281E+13
        69.92733      6.596995E+13
        69.96047      6.760924E+13
        69.98257      6.932916E+13
        70.00467      6.058047E+13
        70.02677      4.490943E+13
        70.04887      3.548692E+13
        70.08201      3.773100E+13
        70.10411      3.881446E+13
        70.13725      4.065238E+13
        70.15935      4.076000E+13
        70.19250      3.938744E+13
        70.22565      3.958962E+13
        70.26984      4.125497E+13
        70.30299      4.270963E+13
        70.33613      4.298300E+13
        70.38033      4.210550E+13
        70.42452      4.129562E+13
        70.46872      4.074132E+13
        70.51291      4.033400E+13
        70.55711      3.998530E+13
        70.60130      3.969691E+13
        70.64550      3.949253E+13
        70.68969      3.939923E+13
        70.74493      3.948402E+13
        70.78913      3.969633E+13
        70.84438      4.009454E+13
        70.88857      4.049428E+13
        70.94381      4.104643E+13
        70.99905      4.157545E+13
        71.04325      4.193737E+13
        71.09850      4.231075E+13
        71.15373      4.263224E+13
        71.20898      4.293489E+13
        71.26423      4.323316E+13
        71.31947      4.353693E+13
        71.37471      4.386148E+13
        71.42995      4.421929E+13
        71.48520      4.461277E+13
        71.54044      4.503576E+13
        71.59569      4.548083E+13
        71.65092      4.594345E+13
        71.70617      4.642186E+13
        71.76142      4.691478E+13
        71.81666      4.742325E+13
        71.87190      4.795725E+13
        71.92715      4.853671E+13
        71.98239      4.918199E+13
        72.03764      4.989549E+13
        72.09288      5.064901E+13
        72.14812      5.138575E+13
        72.19231      5.191112E+13
        72.24756      5.241728E+13
        72.30280      5.270715E+13
        72.34699      5.280158E+13
        72.40224      5.284415E+13
        72.44643      5.288532E+13
        72.50168      5.294495E+13
        72.54588      5.289181E+13
        72.59007      5.258924E+13
        72.63426      5.298980E+13
        72.67846      5.241719E+13
        72.72265      5.208007E+13
        72.76685      5.217591E+13
        72.81104      5.263125E+13
        72.85524      5.280240E+13
        72.88838      5.267347E+13
        72.92153      5.222612E+13
        72.96573      5.101885E+13
        72.99887      4.966308E+13
        73.03202      4.857168E+13
        73.05412      4.860450E+13
        73.08727      4.697959E+13
        73.10936      4.668387E+13
        73.14250      4.850692E+13
        73.16460      4.838981E+13
        73.18670      4.380464E+13
        73.20880      3.849033E+13
        73.23090      3.462180E+13
        73.26404      3.141710E+13
        73.28614      3.172406E+13
        73.31928      3.119881E+13
        73.34138      3.041530E+13
        73.37453      3.122966E+13
        73.40768      3.272272E+13
        73.45187      3.300768E+13
        73.48502      3.295156E+13
        73.51816      3.352877E+13
        73.56236      3.499446E+13
        73.60655      3.641078E+13
        73.65075      3.701701E+13
        73.69494      3.715605E+13
        73.73914      3.737616E+13
        73.78333      3.776257E+13
        73.82753      3.827854E+13
        73.87173      3.880961E+13
        73.92696      3.931358E+13
        73.97116      3.958224E+13
        74.02641      3.983460E+13
        74.07060      4.000109E+13
        74.12584      4.018162E+13
        74.18108      4.037892E+13
        74.22528      4.058046E+13
        74.28053      4.088631E+13
        74.33576      4.122098E+13
        74.39101      4.155354E+13
        74.44626      4.187117E+13
        74.50150      4.217071E+13
        74.55674      4.244925E+13
        74.61198      4.270416E+13
        74.66723      4.293597E+13
        74.72247      4.314511E+13
        74.77772      4.332830E+13
        74.83295      4.347831E+13
        74.88820      4.358729E+13
        74.94345      4.364822E+13
        74.99869      4.365765E+13
        75.05393      4.361604E+13
        75.10918      4.352706E+13
        75.16442      4.418292E+13
        75.21967      4.401035E+13
        75.27491      4.381961E+13
        75.33015      4.361171E+13
        75.37434      4.342766E+13
        75.42959      4.318436E+13
        75.48483      4.296494E+13
        75.52903      4.283083E+13
        75.58427      4.271367E+13
        75.62846      4.267114E+13
        75.68371      4.276593E+13
        75.72791      4.301822E+13
        75.77210      4.342720E+13
        75.81630      4.395861E+13
        75.86049      4.456089E+13
        75.90469      4.509163E+13
        75.94888      4.526200E+13
        75.99307      4.489077E+13
        76.03727      4.446396E+13
        76.07041      4.450051E+13
        76.10356      4.476254E+13
        76.14776      4.522386E+13
        76.18090      4.533242E+13
        76.21405      4.697309E+13
        76.23615      4.912299E+13
        76.26929      5.265840E+13
        76.29139      5.389030E+13
        76.32453      5.108144E+13
        76.34663      4.674249E+13
        76.36873      4.366708E+13
        76.39083      4.423843E+13
        76.41293      4.216418E+13
        76.44607      3.748603E+13
        76.46817      3.625115E+13
        76.50131      3.829761E+13
        76.52341      3.866958E+13
        76.55656      3.737275E+13
        76.58971      3.646528E+13
        76.63390      3.598076E+13
        76.66705      3.563664E+13
        76.70019      3.530995E+13
        76.74438      3.505130E+13
        76.78858      3.510370E+13
        76.83278      3.549409E+13
        76.87697      3.597890E+13
        76.92117      3.629816E+13
        76.96536      3.638477E+13
        77.00956      3.627914E+13
        77.05376      3.608506E+13
        77.10899      3.589144E+13
        77.15319      3.584182E+13
        77.20844      3.591351E+13
        77.25263      3.604378E+13
        77.30788      3.622688E+13
        77.36311      3.635845E+13
        77.40731      3.640147E+13
        77.46255      3.639038E+13
        77.51780      3.634499E+13
        77.57304      3.630353E+13
        77.62829      3.628942E+13
        77.68353      3.681002E+13
        77.73877      3.684932E+13
        77.79401      3.690972E+13
        77.84926      3.698536E+13
        77.90450      3.706910E+13
        77.95975      3.715506E+13
        78.01499      3.724527E+13
        78.07023      3.735188E+13
        78.12548      3.749201E+13
        78.18072      3.768005E+13
        78.23596      3.792420E+13
        78.29121      3.822593E+13
        78.34645      3.858381E+13
        78.40170      3.900142E+13
        78.45694      3.948902E+13
        78.51218      4.004927E+13
        78.55637      4.053865E+13
        78.61162      4.118307E+13
        78.66686      4.185174E+13
        78.71106      4.239170E+13
        78.76630      4.304057E+13
        78.81049      4.352336E+13
        78.86574      4.410578E+13
        78.90993      4.459178E+13
        78.95413      4.509729E+13
        78.99833      4.552378E+13
        79.04253      4.570394E+13
        79.08672      4.567365E+13
        79.13091      4.579865E+13
        79.17510      4.630211E+13
        79.21930      4.713015E+13
        79.25245      4.765459E+13
        79.28559      4.781467E+13
        79.32979      4.647626E+13
        79.36293      4.406594E+13
        79.39608      4.257395E+13
        79.41817      4.178503E+13
        79.45132      3.901663E+13
        79.47342      3.839197E+13
        79.50656      3.711966E+13
        79.52866      3.957164E+13
        79.55076      4.093319E+13
        79.57286      3.827724E+13
        79.59496      3.604144E+13
        79.62810      3.351956E+13
        79.65020      3.306354E+13
        79.68334      3.094270E+13
        79.70544      2.978844E+13
        79.73859      2.922590E+13
        79.77174      2.925803E+13
        79.81593      2.947123E+13
        79.84908      2.954207E+13
        79.88222      2.956131E+13
        79.92641      2.959452E+13
        79.97061      2.954634E+13
        80.01481      2.958841E+13
        80.05900      2.974795E+13
        80.10320      2.989782E+13
        80.14739      3.002462E+13
        80.19159      3.057654E+13
        80.23579      3.084019E+13
        80.29102      3.119727E+13
        80.33522      3.143300E+13
        80.39046      3.165974E+13
        80.43466      3.181929E+13
        80.48991      3.202751E+13
        80.54514      3.226103E+13
        80.58934      3.246641E+13
        80.64458      3.274289E+13
        80.69983      3.303667E+13
        80.75507      3.334156E+13
        80.81032      3.365492E+13
        80.86556      3.398169E+13
        80.92080      3.433180E+13
        80.97604      3.471310E+13
        81.03129      3.512504E+13
        81.08653      3.555737E+13
        81.14178      3.599215E+13
        81.19702      3.640837E+13
        81.25226      3.678769E+13
        81.30751      3.711931E+13
        81.36275      3.740159E+13
        81.41799      3.764087E+13
        81.47324      3.784825E+13
        81.52848      3.803624E+13
        81.58372      3.821375E+13
        81.63897      3.837860E+13
        81.69421      3.851171E+13
        81.73840      3.857188E+13
        81.79365      3.855327E+13
        81.84889      3.839825E+13
        81.89309      3.817367E+13
        81.94833      3.781990E+13
        81.99252      3.754862E+13
        82.04777      3.727831E+13
        82.09196      3.711959E+13
        82.13616      3.704054E+13
        82.18036      3.709386E+13
        82.22456      3.731057E+13
        82.26875      3.761640E+13
        82.31294      3.779969E+13
        82.35713      3.776102E+13
        82.40133      3.764151E+13
        82.43448      3.728352E+13
        82.46762      3.680339E+13
        82.51182      3.671916E+13
        82.54496      3.685417E+13
        82.57811      3.741784E+13
        82.60021      3.776112E+13
        82.63335      3.908357E+13
        82.65545      4.035692E+13
        82.68860      3.766950E+13
        82.71069      3.145086E+13
        82.73279      2.522945E+13
        82.75489      2.415519E+13
        82.77699      2.476970E+13
        82.81013      2.561738E+13
        82.83223      2.559366E+13
        82.86537      2.546076E+13
        82.88747      2.654432E+13
        82.92062      2.815101E+13
        82.95377      2.860771E+13
        82.99796      2.875212E+13
        83.03111      2.920225E+13
        83.06425      2.976174E+13
        83.10844      3.021938E+13
        83.15264      3.029788E+13
        83.19684      3.023823E+13
        83.24103      3.012938E+13
        83.28522      3.005897E+13
        83.32942      3.009216E+13
        83.37362      3.020133E+13
        83.41782      3.033769E+13
        83.47306      3.051280E+13
        83.51725      3.066471E+13
        83.57249      3.088459E+13
        83.61669      3.107629E+13
        83.67194      3.131105E+13
        83.72717      3.151593E+13
        83.77137      3.165415E+13
        83.82661      3.180806E+13
        83.88186      3.195681E+13
        83.93710      3.210361E+13
        83.99235      3.224088E+13
        84.04759      3.235559E+13
        84.10283      3.243142E+13
        84.15807      3.245501E+13
        84.21333      3.242328E+13
        84.26856      3.234608E+13
        84.32381      3.224146E+13
        84.37905      3.212924E+13
        84.43429      3.202658E+13
        84.48954      3.194663E+13
        84.54478      3.189708E+13
        84.60002      3.187841E+13
        84.65527      3.188386E+13
        84.71052      3.190127E+13
        84.76575      3.191450E+13
        84.82100      3.190963E+13
        84.87624      3.189099E+13
        84.92044      3.189091E+13
        84.97568      3.196019E+13
        85.03092      3.215063E+13
        85.07512      3.239001E+13
        85.13036      3.276229E+13
        85.17455      3.360383E+13
        85.22980      3.407577E+13
        85.27399      3.447126E+13
        85.31819      3.486294E+13
        85.36239      3.521739E+13
        85.40659      3.547439E+13
        85.45078      3.563618E+13
        85.49497      3.579712E+13
        85.53917      3.612900E+13
        85.58336      3.694134E+13
        85.61651      3.776381E+13
        85.64965      3.861160E+13
        85.69385      3.956285E+13
        85.72699      3.981407E+13
        85.76014      3.978542E+13
        85.78224      3.881959E+13
        85.81538      3.440690E+13
        85.83748      3.271747E+13
        85.87063      3.182929E+13
        85.89272      3.220068E+13
        85.91483      3.351690E+13
        85.93692      3.328976E+13
        85.95901      3.101970E+13
        85.99216      2.824351E+13
        86.01426      2.790812E+13
        86.04740      2.836496E+13
        86.06950      2.827397E+13
        86.10265      2.826073E+13
        86.13580      2.830245E+13
        86.17999      2.768118E+13
        86.21313      2.726942E+13
        86.24628      2.708359E+13
        86.29047      2.702232E+13
        86.33467      2.707340E+13
        86.37887      2.711284E+13
        86.42306      2.709750E+13
        86.46725      2.705943E+13
        86.51145      2.702820E+13
        86.55565      2.701748E+13
        86.59985      2.703463E+13
        86.65509      2.710330E+13
        86.69928      2.717572E+13
        86.75452      2.723628E+13
        86.79872      2.724125E+13
        86.85397      2.720965E+13
        86.90920      2.716865E+13
        86.95340      2.713880E+13
        87.00864      2.710255E+13
        87.06389      2.706900E+13
        87.11913      2.705281E+13
        87.17438      2.707350E+13
        87.22962      2.714392E+13
        87.28486      2.726590E+13
        87.34010      2.743324E+13
        87.39536      2.763604E+13
        87.45059      2.786413E+13
        87.50584      2.810847E+13
        87.56108      2.836132E+13
        87.61632      2.861580E+13
        87.67157      2.945483E+13
        87.72681      2.970635E+13
        87.78205      2.995752E+13
        87.83730      3.022269E+13
        87.89255      3.051918E+13
        87.94778      3.085848E+13
        88.00303      3.123957E+13
        88.05827      3.164743E+13
        88.10247      3.197573E+13
        88.15771      3.235761E+13
        88.21295      3.266623E+13
        88.25715      3.283432E+13
        88.31239      3.293099E+13
        88.35659      3.292082E+13
        88.41183      3.283440E+13
        88.45602      3.276877E+13
        88.50022      3.276938E+13
        88.54442      3.284708E+13
        88.58862      3.294410E+13
        88.63280      3.299618E+13
        88.67700      3.292940E+13
        88.72120      3.263336E+13
        88.76540      3.216204E+13
        88.79854      3.184136E+13
        88.83168      3.170127E+13
        88.87588      3.162457E+13
        88.90902      3.113084E+13
        88.94217      3.120000E+13
        88.96427      3.207769E+13
        88.99741      3.379048E+13
        89.01951      3.485945E+13
        89.05266      3.570723E+13
        89.07475      3.521648E+13
        89.09686      3.226770E+13
        89.11895      2.838277E+13
        89.14105      2.524473E+13
        89.17419      2.190207E+13
        89.19629      2.046180E+13
        89.22943      2.040148E+13
        89.25153      2.090321E+13
        89.28468      2.133468E+13
        89.31783      2.126339E+13
        89.36202      2.154290E+13
        89.39516      2.180970E+13
        89.42831      2.208835E+13
        89.47251      2.234325E+13
        89.51670      2.241611E+13
        89.56090      2.259674E+13
        89.60509      2.293838E+13
        89.64928      2.325899E+13
        89.69348      2.344825E+13
        89.73768      2.354995E+13
        89.78188      2.362684E+13
        89.83712      2.371770E+13
        89.88132      2.379847E+13
        89.93655      2.393066E+13
        89.98075      2.407157E+13
        90.03600      2.429782E+13
        90.09124      2.457470E+13
        90.13543      2.481941E+13
        90.19067      2.569078E+13
        90.24592      2.598951E+13
        90.30116      2.626790E+13
        90.35641      2.651817E+13
        90.41165      2.673484E+13
        90.46690      2.691623E+13
        90.52213      2.706518E+13
        90.57738      2.718804E+13
        90.63262      2.729333E+13
        90.68787      2.739015E+13
        90.74311      2.748620E+13
        90.79836      2.758559E+13
        90.85360      2.768698E+13
        90.90884      2.778365E+13
        90.96409      2.786513E+13
        91.01933      2.791909E+13
        91.07458      2.793311E+13
        91.12981      2.789673E+13
        91.18506      2.780499E+13
        91.24030      2.766268E+13
        91.28450      2.752282E+13
        91.33974      2.733748E+13
        91.39498      2.717465E+13
        91.43918      2.708963E+13
        91.49442      2.706818E+13
        91.53862      2.711741E+13
        91.59386      2.721780E+13
        91.63805      2.727942E+13
        91.68225      2.728447E+13
        91.72645      2.722230E+13
        91.77065      2.713126E+13
        91.81483      2.705942E+13
        91.85903      2.701087E+13
        91.90323      2.713907E+13
        91.94743      2.772977E+13
        91.98057      2.827381E+13
        92.01371      2.860578E+13
        92.05791      2.911467E+13
        92.09105      2.989441E+13
        92.12420      3.091578E+13
        92.14630      3.105610E+13
        92.17944      3.198819E+13
        92.20155      3.270695E+13
        92.23469      3.043250E+13
        92.25678      2.829833E+13
        92.27888      2.404637E+13
        92.30098      2.125485E+13
        92.32308      2.055638E+13
        92.35622      2.038229E+13
        92.37832      2.043399E+13
        92.41147      1.996607E+13
        92.43356      2.017413E+13
        92.46671      2.086442E+13
        92.49986      2.127866E+13
        92.54405      2.157309E+13
        92.57720      2.161505E+13
        92.61034      2.158418E+13
        92.65454      2.165753E+13
        92.69874      2.247626E+13
        92.74293      2.271975E+13
        92.78712      2.289690E+13
        92.83131      2.301717E+13
        92.87551      2.312693E+13
        92.91971      2.325284E+13
        92.96391      2.338301E+13
        93.01915      2.351684E+13
        93.06335      2.359296E+13
        93.11858      2.367011E+13
        93.16278      2.372809E+13
        93.21803      2.378404E+13
        93.27327      2.380074E+13
        93.31747      2.378340E+13
        93.37270      2.373806E+13
        93.42795      2.368457E+13
        93.48319      2.363204E+13
        93.53844      2.358129E+13
        93.59368      2.353261E+13
        93.64893      2.348939E+13
        93.70416      2.345652E+13
        93.75941      2.343809E+13
        93.81466      2.343569E+13
        93.86990      2.344781E+13
        93.92514      2.347058E+13
        93.98038      2.349982E+13
        94.03563      2.353419E+13
        94.09087      2.357708E+13
        94.14612      2.363530E+13
        94.20135      2.371550E+13
        94.25661      2.382110E+13
        94.31185      2.395368E+13
        94.36709      2.411760E+13
        94.42233      2.432134E+13
        94.46653      2.451795E+13
        94.52177      2.480557E+13
        94.57701      2.512925E+13
        94.62121      2.539880E+13
        94.67645      2.572148E+13
        94.72065      2.595438E+13
        94.77589      2.622164E+13
        94.82008      2.642971E+13
        94.86428      2.663541E+13
        94.90848      2.684622E+13
        94.95267      2.708137E+13
        94.99686      2.729934E+13
        95.04106      2.737006E+13
        95.08526      2.718405E+13
        95.12946      2.673021E+13
        95.16260      2.632151E+13
        95.19574      2.636192E+13
        95.23994      2.599674E+13
        95.27308      2.555324E+13
        95.30624      2.508525E+13
        95.32833      2.502397E+13
        95.36147      2.500932E+13
        95.38358      2.431748E+13
        95.41672      2.392062E+13
        95.43881      2.510763E+13
        95.46091      2.620671E+13
        95.48301      2.625328E+13
        95.50511      2.533952E+13
        95.53825      2.417918E+13
        95.56035      2.361810E+13
        95.59350      2.249000E+13
        95.61559      2.161656E+13
        95.64874      2.098390E+13
        95.68188      2.090032E+13
        95.72608      2.050298E+13
        95.75923      2.013366E+13
        95.79237      2.000827E+13
        95.83657      2.014141E+13
        95.88077      2.028284E+13
        95.92496      2.028193E+13
        95.96915      2.018931E+13
        96.01335      2.009504E+13
        96.05754      2.002621E+13
        96.10174      1.997400E+13
        96.14594      1.992964E+13
        96.20118      1.988202E+13
        96.24538      1.985540E+13
        96.30061      1.984574E+13
        96.34481      1.985936E+13
        96.40005      1.990380E+13
        96.45530      1.998131E+13
        96.49950      2.006766E+13
        96.55473      2.020113E+13
        96.60998      2.035315E+13
        96.66522      2.051455E+13
        96.72047      2.068100E+13
        96.77571      2.085183E+13
        96.83096      2.102713E+13
        96.88619      2.120617E+13
        96.94144      2.138790E+13
        96.99669      2.157158E+13
        97.05193      2.175705E+13
        97.10717      2.194439E+13
        97.16241      2.213330E+13
        97.21766      2.232302E+13
        97.27290      2.251182E+13
        97.32815      2.269647E+13
        97.38338      2.287225E+13
        97.43864      2.303451E+13
        97.49388      2.318020E+13
        97.54912      2.330796E+13
        97.60436      2.341527E+13
        97.64856      2.348196E+13
        97.70380      2.373941E+13
        97.75904      2.375146E+13
        97.80324      2.373448E+13
        97.85848      2.368439E+13
        97.90268      2.362552E+13
        97.95792      2.354377E+13
        98.00211      2.348873E+13
        98.04631      2.345267E+13
        98.09051      2.343249E+13
        98.13470      2.340896E+13
        98.17889      2.331609E+13
        98.22309      2.311257E+13
        98.26729      2.298223E+13
        98.31149      2.312047E+13
        98.34463      2.344937E+13
        98.37777      2.411223E+13
        98.42197      2.529725E+13
        98.45512      2.577187E+13
        98.48827      2.586413E+13
        98.51036      2.607555E+13
        98.54350      2.644661E+13
        98.56561      2.570378E+13
        98.59875      2.270107E+13
        98.62084      1.963458E+13
        98.64294      1.610469E+13
        98.66504      1.411447E+13
        98.68714      1.434811E+13
        98.72028      1.537614E+13
        98.74239      1.632374E+13
        98.77553      1.723432E+13
        98.79762      1.745238E+13
        98.83077      1.731157E+13
        98.86392      1.720761E+13
        98.90811      1.736013E+13
        98.94126      1.745883E+13
        98.97440      1.749701E+13
        99.01860      1.746503E+13
        99.06280      1.743066E+13
        99.10699      1.745242E+13
        99.15118      1.751833E+13
        99.19538      1.762445E+13
        99.23957      1.777526E+13
        99.28377      1.795842E+13
        99.32796      1.815305E+13
        99.38321      1.840010E+13
        99.42741      1.860218E+13
        99.48265      1.885538E+13
        99.52684      1.904725E+13
        99.58208      1.926009E+13
        99.63733      1.943638E+13
        99.68153      1.955063E+13
        99.73676      1.966221E+13
        99.79201      1.974460E+13
        99.84725      1.980564E+13
        99.90250      1.985308E+13
        99.95774      1.989272E+13
        100.0130      1.992845E+13
        100.0682      1.996275E+13
        100.1235      1.999668E+13
        100.1787      2.002957E+13
        100.2340      2.027058E+13
