 flux tru 2x1 mm ap., at 28m, k=2 
 ________________________________ 
                                  
          energy              flux
  ______________    ______________
                                  
       0.0000000        0.02334208
      0.02209743      4.549663E+10
      0.04419487      1.762981E+09
      0.07734102      1.466560E+10
      0.09943845      3.449474E+10
       0.1325846      9.919755E+09
       0.1546820      3.806145E+10
       0.1878282      3.740781E+10
       0.2209743      1.631212E+10
       0.2651692      1.869386E+10
       0.2983153      1.604012E+10
       0.3314615      3.417009E+10
       0.3756564      3.411024E+10
       0.4198512      3.425935E+10
       0.4640461      3.458035E+10
       0.5082410      3.504938E+10
       0.5524359      3.564877E+10
       0.5966307      3.636688E+10
       0.6408256      3.719447E+10
       0.6850204      3.812691E+10
       0.7402641      2.968664E+10
       0.7844589      3.129063E+10
       0.8397025      3.917913E+10
       0.8838974      4.084355E+10
       0.9391410      5.105398E+10
       0.9943845      4.756354E+10
        1.038579      4.936525E+10
        1.093823      4.477037E+10
        1.149067      5.281026E+10
        1.204310      6.234701E+10
        1.259554      6.060085E+10
        1.314797      5.811975E+10
        1.370041      6.681966E+10
        1.425284      7.682580E+10
        1.480528      7.701126E+10
        1.535772      7.688165E+10
        1.591015      8.725542E+10
        1.646259      9.914574E+10
        1.701502      1.021170E+11
        1.756746      1.052050E+11
        1.811990      1.192850E+11
        1.867233      1.357084E+11
        1.922477      1.435402E+11
        1.977720      1.524465E+11
        2.032964      1.765422E+11
        2.088207      2.070518E+11
        2.143451      2.327230E+11
        2.187646      2.676304E+11
        2.242889      3.223473E+11
        2.298133      4.307839E+11
        2.342328      5.551571E+11
        2.397572      8.139485E+11
        2.441767      1.125998E+12
        2.497010      1.726925E+12
        2.541205      2.495513E+12
        2.585400      3.634499E+12
        2.629595      5.310669E+12
        2.673790      7.760958E+12
        2.717984      1.132311E+13
        2.762179      1.648296E+13
        2.806374      2.394993E+13
        2.850569      3.479544E+13
        2.883715      4.626798E+13
        2.916861      6.150347E+13
        2.961056      9.090621E+13
        2.994202      1.227759E+14
        3.027349      1.684567E+14
        3.049446      2.088321E+14
        3.082592      2.878781E+14
        3.104690      3.597709E+14
        3.137836      4.809671E+14
        3.159933      5.371886E+14
        3.182030      3.268742E+14
        3.204128      6.445922E+13
        3.226225      2.050931E+13
        3.259372      8.537519E+12
        3.281469      8.233093E+12
        3.314615      4.550986E+12
        3.336713      3.741431E+12
        3.369859      2.987826E+12
        3.403005      2.068427E+12
        3.447200      1.545702E+12
        3.480346      1.199286E+12
        3.513492      1.093514E+12
        3.557687      8.894879E+11
        3.601882      7.404981E+11
        3.646077      6.286416E+11
        3.690271      5.423016E+11
        3.734467      4.742232E+11
        3.778661      4.199674E+11
        3.822856      3.761809E+11
        3.867051      3.402718E+11
        3.922295      3.004768E+11
        3.966489      2.785132E+11
        4.021733      2.587943E+11
        4.065928      2.493912E+11
        4.121171      2.430606E+11
        4.176415      2.396943E+11
        4.220610      2.419543E+11
        4.275854      2.520886E+11
        4.331097      2.714581E+11
        4.386341      3.035664E+11
        4.441584      3.519180E+11
        4.496828      4.202341E+11
        4.552072      5.126039E+11
        4.607315      6.377160E+11
        4.662559      8.076473E+11
        4.717802      1.035234E+12
        4.773046      1.333593E+12
        4.828290      1.714325E+12
        4.883533      2.196465E+12
        4.938776      2.805898E+12
        4.994020      3.586931E+12
        5.049263      4.584120E+12
        5.104507      5.835718E+12
        5.159751      7.363062E+12
        5.214994      9.196410E+12
        5.270238      1.142564E+13
        5.325482      1.416792E+13
        5.369677      1.673848E+13
        5.424920      2.057561E+13
        5.480164      2.503473E+13
        5.524359      2.912871E+13
        5.579602      3.494719E+13
        5.623797      4.027168E+13
        5.679040      4.775329E+13
        5.723236      5.437170E+13
        5.767430      6.154391E+13
        5.811625      6.922244E+13
        5.855820      7.730029E+13
        5.900015      8.562744E+13
        5.944210      9.397136E+13
        5.988405      1.019622E+14
        6.032599      1.090766E+14
        6.065745      1.133692E+14
        6.098892      1.163668E+14
        6.143086      1.173533E+14
        6.176233      1.149515E+14
        6.209379      1.089604E+14
        6.231476      1.023867E+14
        6.264622      8.806432E+13
        6.286720      7.506460E+13
        6.319866      4.968423E+13
        6.341963      2.890273E+13
        6.364061      1.096749E+13
        6.386158      3.865022E+12
        6.408256      2.755981E+12
        6.441402      1.793484E+12
        6.463500      1.509996E+12
        6.496646      1.270133E+12
        6.518743      1.061932E+12
        6.551889      1.018511E+12
        6.585035      8.393420E+11
        6.629230      8.728569E+11
        6.662376      7.344424E+11
        6.695523      8.464803E+11
        6.739717      7.404725E+11
        6.783912      8.285305E+11
        6.828107      9.056965E+11
        6.872302      8.712338E+11
        6.916497      1.079005E+12
        6.960691      1.110479E+12
        7.004886      1.236020E+12
        7.049081      1.456909E+12
        7.104325      1.614342E+12
        7.148520      1.816254E+12
        7.203763      2.153530E+12
        7.247959      2.398938E+12
        7.303202      2.775843E+12
        7.358445      3.224937E+12
        7.402640      3.634091E+12
        7.457884      4.214088E+12
        7.513128      4.838396E+12
        7.568371      5.485538E+12
        7.623614      6.249743E+12
        7.678858      7.186613E+12
        7.734102      8.179162E+12
        7.789346      9.117141E+12
        7.844589      1.010183E+13
        7.899832      1.129930E+13
        7.955076      1.266505E+13
        8.010320      1.398520E+13
        8.065563      1.516505E+13
        8.120807      1.633386E+13
        8.176050      1.763566E+13
        8.231294      1.901937E+13
        8.286538      2.029817E+13
        8.341782      2.130904E+13
        8.397024      2.201016E+13
        8.452269      2.244944E+13
        8.507512      2.264734E+13
        8.551707      2.275895E+13
        8.606951      2.246318E+13
        8.662194      2.173952E+13
        8.706389      2.084925E+13
        8.761633      1.937023E+13
        8.805827      1.784829E+13
        8.861072      1.601073E+13
        8.905266      1.458481E+13
        8.949461      1.351920E+13
        8.993655      1.303792E+13
        9.037850      1.368462E+13
        9.082046      1.573735E+13
        9.126240      2.041459E+13
        9.170435      2.787298E+13
        9.214629      4.028188E+13
        9.247776      5.264846E+13
        9.280922      6.920338E+13
        9.325117      9.869736E+13
        9.358263      1.261808E+14
        9.391409      1.608258E+14
        9.413507      1.876864E+14
        9.446652      2.311388E+14
        9.468750      2.656705E+14
        9.501897      3.170329E+14
        9.523993      3.284454E+14
        9.546091      1.960430E+14
        9.568189      4.371261E+13
        9.590286      1.608426E+13
        9.623432      8.206532E+12
        9.645530      6.934142E+12
        9.678677      5.686771E+12
        9.700773      5.890914E+12
        9.733919      3.928435E+12
        9.767066      4.109678E+12
        9.811260      4.213305E+12
        9.844407      3.432633E+12
        9.877553      4.512984E+12
        9.921748      3.716367E+12
        9.965942      4.450465E+12
        10.01014      4.263557E+12
        10.05433      4.553496E+12
        10.09853      4.795646E+12
        10.14272      4.810518E+12
        10.18692      5.258723E+12
        10.23111      5.217629E+12
        10.28636      5.625103E+12
        10.33055      5.766626E+12
        10.38579      6.012329E+12
        10.42999      6.186555E+12
        10.48523      6.370421E+12
        10.54048      6.440845E+12
        10.58467      6.630043E+12
        10.63991      6.539197E+12
        10.69516      6.693181E+12
        10.75040      6.536143E+12
        10.80564      6.387002E+12
        10.86089      6.315793E+12
        10.91613      5.898700E+12
        10.97138      5.686479E+12
        11.02662      5.301793E+12
        11.08186      4.818868E+12
        11.13711      4.483294E+12
        11.19235      4.013754E+12
        11.24759      3.636175E+12
        11.30284      3.396411E+12
        11.35808      3.255981E+12
        11.41332      3.354386E+12
        11.46857      3.797573E+12
        11.52381      4.614978E+12
        11.57905      5.995423E+12
        11.63430      8.017362E+12
        11.68954      1.086162E+13
        11.73374      1.381128E+13
        11.78898      1.846644E+13
        11.84422      2.446433E+13
        11.88842      3.026160E+13
        11.94366      3.866836E+13
        11.98786      4.687833E+13
        12.04310      5.843762E+13
        12.08730      6.887904E+13
        12.13149      7.999491E+13
        12.17569      9.194136E+13
        12.21988      1.053149E+14
        12.26408      1.181935E+14
        12.30827      1.301922E+14
        12.35247      1.423849E+14
        12.39666      1.515652E+14
        12.42981      1.566422E+14
        12.46295      1.605118E+14
        12.50715      1.597117E+14
        12.54029      1.544669E+14
        12.57344      1.452331E+14
        12.59554      1.362835E+14
        12.62868      1.152343E+14
        12.65078      9.703757E+13
        12.68393      6.476821E+13
        12.70602      3.944657E+13
        12.72812      1.748232E+13
        12.75022      6.813291E+12
        12.77232      4.862105E+12
        12.80546      4.301253E+12
        12.82756      4.821295E+12
        12.86071      3.645742E+12
        12.88280      2.685997E+12
        12.91595      2.818278E+12
        12.94910      3.583951E+12
        12.99329      2.442417E+12
        13.02644      2.233430E+12
        13.05958      2.723115E+12
        13.10378      2.305344E+12
        13.14797      2.026335E+12
        13.19217      2.121251E+12
        13.23636      1.829027E+12
        13.28056      1.809174E+12
        13.32475      1.645297E+12
        13.36895      1.553058E+12
        13.41314      1.524125E+12
        13.46839      1.403568E+12
        13.51258      1.436215E+12
        13.56782      1.476512E+12
        13.61202      1.534282E+12
        13.66726      1.754985E+12
        13.72251      2.039451E+12
        13.76670      2.365257E+12
        13.82195      2.907565E+12
        13.87719      3.617102E+12
        13.93243      4.509884E+12
        13.98768      5.610125E+12
        14.04292      6.947770E+12
        14.09816      8.548276E+12
        14.15341      1.037198E+13
        14.20865      1.259630E+13
        14.26389      1.491536E+13
        14.31914      1.782075E+13
        14.37438      2.068582E+13
        14.42962      2.418134E+13
        14.48487      2.766492E+13
        14.54011      3.152121E+13
        14.59536      3.561084E+13
        14.65060      3.949842E+13
        14.70584      4.393862E+13
        14.76109      4.769573E+13
        14.81633      5.165010E+13
        14.87157      5.538751E+13
        14.91577      5.755393E+13
        14.97101      6.060108E+13
        15.02626      6.211512E+13
        15.07045      6.271851E+13
        15.12569      6.332305E+13
        15.16989      6.186236E+13
        15.22513      5.993970E+13
        15.26933      5.842006E+13
        15.31352      5.483145E+13
        15.35772      5.168401E+13
        15.40191      4.887792E+13
        15.44611      4.538103E+13
        15.49030      4.284006E+13
        15.53450      4.224612E+13
        15.57869      4.404153E+13
        15.61184      4.754781E+13
        15.64498      5.353813E+13
        15.68918      6.654736E+13
        15.72232      8.131721E+13
        15.75547      1.012874E+14
        15.77757      1.178074E+14
        15.81071      1.476592E+14
        15.83281      1.717068E+14
        15.86596      2.100099E+14
        15.88806      2.202044E+14
        15.91015      1.353420E+14
        15.93225      3.361577E+13
        15.95435      1.170081E+13
        15.98749      6.462198E+12
        16.00959      5.351728E+12
        16.04274      4.274580E+12
        16.06483      4.114024E+12
        16.09798      4.350925E+12
        16.13113      4.085301E+12
        16.17532      3.925660E+12
        16.20847      4.478404E+12
        16.24161      4.853954E+12
        16.28581      4.935068E+12
        16.33000      5.718765E+12
        16.37420      6.383406E+12
        16.41839      6.744046E+12
        16.46259      7.819092E+12
        16.50678      8.589303E+12
        16.55098      9.250299E+12
        16.59517      1.039847E+13
        16.65042      1.154771E+13
        16.69461      1.267632E+13
        16.74986      1.389163E+13
        16.79405      1.516785E+13
        16.84929      1.661541E+13
        16.90454      1.796585E+13
        16.94873      1.946919E+13
        17.00397      2.046096E+13
        17.05922      2.232896E+13
        17.11446      2.324575E+13
        17.16971      2.478567E+13
        17.22495      2.566500E+13
        17.28019      2.667271E+13
        17.33544      2.737549E+13
        17.39068      2.778917E+13
        17.44592      2.811436E+13
        17.50117      2.790755E+13
        17.55641      2.770289E+13
        17.61165      2.689623E+13
        17.66690      2.610507E+13
        17.72214      2.479225E+13
        17.77739      2.349991E+13
        17.83263      2.189630E+13
        17.88787      2.052070E+13
        17.94312      1.902803E+13
        17.99836      1.773810E+13
        18.05360      1.698634E+13
        18.09780      1.669932E+13
        18.15304      1.722537E+13
        18.20829      1.877373E+13
        18.25248      2.108446E+13
        18.30772      2.529908E+13
        18.35192      2.999799E+13
        18.40716      3.783758E+13
        18.45136      4.572656E+13
        18.49555      5.483887E+13
        18.53975      6.539973E+13
        18.58394      7.748204E+13
        18.62814      9.092282E+13
        18.67233      1.038846E+14
        18.71653      1.169493E+14
        18.76072      1.311907E+14
        18.79387      1.398647E+14
        18.82701      1.447087E+14
        18.87121      1.489674E+14
        18.90435      1.497928E+14
        18.93750      1.466441E+14
        18.95960      1.383842E+14
        18.99274      1.188728E+14
        19.01484      1.022575E+14
        19.04799      7.318496E+13
        19.07009      4.765364E+13
        19.09218      2.854450E+13
        19.11428      1.843911E+13
        19.13638      1.174372E+13
        19.16952      9.847717E+12
        19.19162      1.150193E+13
        19.22477      1.331051E+13
        19.24686      1.637709E+13
        19.28001      1.308967E+13
        19.31316      1.035905E+13
        19.35735      1.266181E+13
        19.39050      1.550994E+13
        19.42364      1.463021E+13
        19.46784      1.224311E+13
        19.51204      1.417176E+13
        19.55623      1.516251E+13
        19.60042      1.410934E+13
        19.64462      1.419351E+13
        19.68881      1.481719E+13
        19.73301      1.457607E+13
        19.77720      1.442720E+13
        19.83245      1.411911E+13
        19.87664      1.398363E+13
        19.93188      1.375692E+13
        19.97608      1.300989E+13
        20.03132      1.276929E+13
        20.08657      1.209946E+13
        20.13076      1.135799E+13
        20.18601      1.098135E+13
        20.24125      1.013271E+13
        20.29649      9.541549E+12
        20.35174      9.050374E+12
        20.40698      8.547920E+12
        20.46222      8.427405E+12
        20.51747      8.333829E+12
        20.57271      8.656528E+12
        20.62795      9.370058E+12
        20.68320      1.036182E+13
        20.73844      1.187969E+13
        20.79369      1.399437E+13
        20.84893      1.661864E+13
        20.90417      1.974394E+13
        20.95942      2.358427E+13
        21.01466      2.804836E+13
        21.06990      3.290474E+13
        21.12515      3.836085E+13
        21.18039      4.438925E+13
        21.23563      5.047115E+13
        21.27983      5.551184E+13
        21.33507      6.172464E+13
        21.39032      6.783477E+13
        21.43451      7.205207E+13
        21.48975      7.694291E+13
        21.53395      7.974068E+13
        21.58919      8.231166E+13
        21.63339      8.361992E+13
        21.67758      8.282006E+13
        21.72178      8.137111E+13
        21.76597      7.796421E+13
        21.81017      7.618575E+13
        21.85436      7.046081E+13
        21.89856      6.382047E+13
        21.94275      6.058316E+13
        21.97590      5.897082E+13
        22.00904      5.905762E+13
        22.05324      5.780177E+13
        22.08639      6.186330E+13
        22.11953      7.208031E+13
        22.14163      8.319679E+13
        22.17477      1.058902E+14
        22.19687      1.219319E+14
        22.23002      1.482797E+14
        22.25212      1.576694E+14
        22.27421      1.018876E+14
        22.29631      3.172880E+13
        22.31841      1.479773E+13
        22.35155      1.333068E+13
        22.37365      1.011146E+13
        22.40680      6.180032E+12
        22.42890      6.012229E+12
        22.46204      6.743983E+12
        22.49519      7.698763E+12
        22.53938      6.459325E+12
        22.57253      5.079559E+12
        22.60567      4.918762E+12
        22.64987      5.716445E+12
        22.69407      5.627863E+12
        22.73826      4.982481E+12
        22.78245      4.699833E+12
        22.82665      5.028588E+12
        22.87084      5.379574E+12
        22.91504      5.495646E+12
        22.95923      5.647774E+12
        23.01448      6.245843E+12
        23.05867      6.939061E+12
        23.11391      7.840826E+12
        23.15811      8.697697E+12
        23.21335      1.006116E+13
        23.26860      1.156403E+13
        23.31279      1.290052E+13
        23.36804      1.491069E+13
        23.42328      1.702509E+13
        23.47852      1.928175E+13
        23.53377      2.169655E+13
        23.58901      2.425467E+13
        23.64425      2.703014E+13
        23.69950      2.949098E+13
        23.75474      3.205713E+13
        23.80998      3.476086E+13
        23.86523      3.735068E+13
        23.92047      3.943087E+13
        23.97572      4.124741E+13
        24.03096      4.281772E+13
        24.08620      4.383643E+13
        24.14145      4.421207E+13
        24.19669      4.438971E+13
        24.25193      4.391228E+13
        24.30718      4.284312E+13
        24.36242      4.131276E+13
        24.41766      3.958356E+13
        24.46186      3.795998E+13
        24.51710      3.565034E+13
        24.57235      3.371165E+13
        24.61654      3.235604E+13
        24.67179      3.144553E+13
        24.71598      3.132718E+13
        24.77122      3.263571E+13
        24.81542      3.475118E+13
        24.85961      3.828993E+13
        24.90381      4.369190E+13
        24.94800      5.069829E+13
        24.99220      5.918452E+13
        25.03639      6.865879E+13
        25.08059      7.983885E+13
        25.12478      9.210200E+13
        25.15793      1.011832E+14
        25.19107      1.101099E+14
        25.23527      1.177660E+14
        25.26842      1.202481E+14
        25.30156      1.195148E+14
        25.32366      1.154161E+14
        25.35681      1.049612E+14
        25.37890      9.298764E+13
        25.41205      6.531979E+13
        25.43415      4.371386E+13
        25.45624      2.361244E+13
        25.47834      1.115485E+13
        25.50044      7.756148E+12
        25.53358      9.199198E+12
        25.55568      7.580868E+12
        25.58883      8.189409E+12
        25.61092      9.041098E+12
        25.64407      9.911130E+12
        25.67722      1.193054E+13
        25.72141      1.131446E+13
        25.75456      1.052359E+13
        25.78771      1.105077E+13
        25.83190      1.321760E+13
        25.87609      1.484696E+13
        25.92029      1.530422E+13
        25.96449      1.596228E+13
        26.00868      1.707692E+13
        26.05287      1.802131E+13
        26.09707      1.922385E+13
        26.14126      2.036913E+13
        26.19651      2.114412E+13
        26.24070      2.187005E+13
        26.29595      2.322805E+13
        26.34014      2.363020E+13
        26.39539      2.391720E+13
        26.45063      2.483172E+13
        26.49482      2.494857E+13
        26.55007      2.459183E+13
        26.60531      2.468498E+13
        26.66055      2.427966E+13
        26.71580      2.350202E+13
        26.77104      2.285132E+13
        26.82628      2.279888E+13
        26.88153      2.168643E+13
        26.93677      2.068163E+13
        26.99202      1.954838E+13
        27.04726      1.849154E+13
        27.10250      1.765740E+13
        27.15775      1.696861E+13
        27.21299      1.665372E+13
        27.26823      1.683674E+13
        27.32348      1.749906E+13
        27.37872      1.880160E+13
        27.43396      2.077532E+13
        27.48921      2.354246E+13
        27.54445      2.717773E+13
        27.59969      3.157524E+13
        27.64389      3.565365E+13
        27.69913      4.138011E+13
        27.75438      4.763773E+13
        27.79857      5.300119E+13
        27.85382      5.967094E+13
        27.89801      6.490990E+13
        27.95325      7.106985E+13
        27.99745      7.502152E+13
        28.04164      7.847486E+13
        28.08584      8.015645E+13
        28.13003      8.157391E+13
        28.17423      7.999158E+13
        28.21842      7.821563E+13
        28.26262      7.360981E+13
        28.30681      6.963994E+13
        28.33996      6.648026E+13
        28.37311      6.200762E+13
        28.41730      5.642675E+13
        28.45045      5.560161E+13
        28.48359      6.002307E+13
        28.50569      6.577925E+13
        28.53884      8.228346E+13
        28.56093      9.661220E+13
        28.59408      1.125368E+14
        28.61618      1.178818E+14
        28.63827      8.135403E+13
        28.66037      3.283887E+13
        28.68247      1.883611E+13
        28.71561      1.876553E+13
        28.73771      2.227594E+13
        28.77086      2.079176E+13
        28.79296      1.669352E+13
        28.82610      1.285242E+13
        28.85925      1.282302E+13
        28.90344      1.592019E+13
        28.93659      1.759188E+13
        28.96974      1.643153E+13
        29.01393      1.420839E+13
        29.05813      1.359426E+13
        29.10232      1.435221E+13
        29.14651      1.379313E+13
        29.19071      1.315909E+13
        29.23491      1.252765E+13
        29.27910      1.192870E+13
        29.32329      1.128058E+13
        29.37854      1.081390E+13
        29.42273      1.042965E+13
        29.47798      9.569577E+12
        29.52217      9.184499E+12
        29.57742      9.043361E+12
        29.63266      8.880632E+12
        29.67686      8.840699E+12
        29.73210      9.138560E+12
        29.78734      1.056565E+13
        29.84258      1.142713E+13
        29.89783      1.258039E+13
        29.95307      1.407059E+13
        30.00831      1.593897E+13
        30.06356      1.817661E+13
        30.11880      2.070357E+13
        30.17405      2.344554E+13
        30.22929      2.639482E+13
        30.28453      2.961479E+13
        30.33978      3.303087E+13
        30.39502      3.632705E+13
        30.45026      3.945099E+13
        30.50551      4.249940E+13
        30.56075      4.540289E+13
        30.61599      4.786375E+13
        30.67124      4.959455E+13
        30.72648      5.080985E+13
        30.78172      5.156813E+13
        30.82592      5.175534E+13
        30.88116      5.106267E+13
        30.93641      4.967914E+13
        30.98060      4.834238E+13
        31.03585      4.652923E+13
        31.08004      4.490943E+13
        31.13528      4.298990E+13
        31.17948      4.209156E+13
        31.22367      4.168619E+13
        31.26787      4.222927E+13
        31.31206      4.377391E+13
        31.35626      4.788543E+13
        31.40045      5.372225E+13
        31.44465      6.039323E+13
        31.48884      6.763071E+13
        31.52199      7.388924E+13
        31.55514      8.225284E+13
        31.59933      9.303059E+13
        31.63248      9.966597E+13
        31.66562      1.002580E+14
        31.68772      9.742693E+13
        31.72087      8.989029E+13
        31.74296      8.039337E+13
        31.77611      5.906138E+13
        31.79821      3.889677E+13
        31.82030      2.105176E+13
        31.84240      1.316275E+13
        31.86450      1.167629E+13
        31.89764      6.934131E+12
        31.91974      5.839493E+12
        31.95289      5.778467E+12
        31.97499      5.759804E+12
        32.00813      6.129794E+12
        32.04128      6.584564E+12
        32.08547      6.351024E+12
        32.11862      6.434543E+12
        32.15177      6.751400E+12
        32.19596      7.160656E+12
        32.24016      7.492058E+12
        32.28435      7.888261E+12
        32.32854      8.566503E+12
        32.37274      9.646522E+12
        32.41693      1.067536E+13
        32.46113      1.165494E+13
        32.50533      1.279197E+13
        32.56057      1.435947E+13
        32.60476      1.568743E+13
        32.66001      1.749156E+13
        32.70420      1.899011E+13
        32.75945      2.097908E+13
        32.81469      2.279946E+13
        32.85889      2.439078E+13
        32.91413      2.614070E+13
        32.96937      2.749220E+13
        33.02462      2.892751E+13
        33.07986      3.036121E+13
        33.13510      3.135483E+13
        33.19035      3.192541E+13
        33.24559      3.226368E+13
        33.30083      3.243298E+13
        33.35608      3.237567E+13
        33.41132      3.191954E+13
        33.46656      3.109950E+13
        33.52181      3.012761E+13
        33.57705      2.914753E+13
        33.63229      2.817674E+13
        33.68754      2.705013E+13
        33.74278      2.598886E+13
        33.79802      2.538014E+13
        33.85327      2.521890E+13
        33.90851      2.553918E+13
        33.96375      2.636348E+13
        34.00795      2.755636E+13
        34.06319      2.996866E+13
        34.11844      3.323958E+13
        34.16263      3.639919E+13
        34.21788      4.101191E+13
        34.26207      4.516787E+13
        34.31731      5.073671E+13
        34.36151      5.518980E+13
        34.40570      5.925188E+13
        34.44990      6.290896E+13
        34.49409      6.602964E+13
        34.53829      6.781442E+13
        34.58248      6.842518E+13
        34.62668      6.636796E+13
        34.67087      6.313595E+13
        34.70402      5.876380E+13
        34.73717      5.589037E+13
        34.78136      5.031533E+13
        34.81451      4.754384E+13
        34.84765      4.758139E+13
        34.86975      5.011598E+13
        34.90290      5.850282E+13
        34.92500      6.439512E+13
        34.95814      8.034204E+13
        34.98024      8.927866E+13
        35.00233      6.566598E+13
        35.02443      2.641452E+13
        35.04653      1.425194E+13
        35.07967      1.593565E+13
        35.10177      1.553471E+13
        35.13492      1.582296E+13
        35.15702      1.811644E+13
        35.19016      1.998080E+13
        35.22331      1.774642E+13
        35.26750      1.553156E+13
        35.30065      1.588628E+13
        35.33380      1.773301E+13
        35.37799      1.970716E+13
        35.42219      2.052251E+13
        35.46638      2.053454E+13
        35.51057      2.072041E+13
        35.55477      2.096408E+13
        35.59896      2.082429E+13
        35.64316      2.100234E+13
        35.68736      2.140612E+13
        35.74260      2.181539E+13
        35.78679      2.119826E+13
        35.84204      2.081856E+13
        35.88623      2.067947E+13
        35.94148      1.996778E+13
        35.99672      1.890827E+13
        36.04092      1.827167E+13
        36.09616      1.767389E+13
        36.15140      1.694595E+13
        36.20665      1.615708E+13
        36.26189      1.554722E+13
        36.31713      1.520216E+13
        36.37238      1.512025E+13
        36.42762      1.529353E+13
        36.48286      1.577113E+13
        36.53811      1.656811E+13
        36.59335      1.773580E+13
        36.64859      1.933794E+13
        36.70384      2.135705E+13
        36.75908      2.370001E+13
        36.81432      2.629785E+13
        36.86957      2.914457E+13
        36.92481      3.218736E+13
        36.98005      3.535490E+13
        37.03530      3.850666E+13
        37.09054      4.144286E+13
        37.14579      4.407876E+13
        37.18998      4.588491E+13
        37.24522      4.765354E+13
        37.30047      4.880993E+13
        37.34466      4.915350E+13
        37.39991      4.899513E+13
        37.44410      4.843463E+13
        37.49934      4.738299E+13
        37.54354      4.633387E+13
        37.58773      4.514777E+13
        37.63193      4.428393E+13
        37.67612      4.357921E+13
        37.72032      4.382565E+13
        37.76451      4.558083E+13
        37.80871      5.014324E+13
        37.85290      5.724069E+13
        37.88605      6.266442E+13
        37.91920      6.755825E+13
        37.96339      7.282309E+13
        37.99654      7.752413E+13
        38.02969      8.258044E+13
        38.05178      8.448252E+13
        38.08493      8.381491E+13
        38.10703      8.086862E+13
        38.14017      6.810186E+13
        38.16227      4.407641E+13
        38.18436      2.258595E+13
        38.20646      1.721184E+13
        38.22856      1.334366E+13
        38.26171      1.049553E+13
        38.28380      1.123662E+13
        38.31695      1.381124E+13
        38.33905      1.605674E+13
        38.37219      1.506725E+13
        38.40534      1.214105E+13
        38.44954      9.536232E+12
        38.48268      9.623578E+12
        38.51583      1.007142E+13
        38.56002      1.028884E+13
        38.60422      9.614645E+12
        38.64841      8.810258E+12
        38.69261      8.282833E+12
        38.73680      9.470217E+12
        38.78099      9.355106E+12
        38.82519      9.330864E+12
        38.86938      9.478061E+12
        38.92463      9.735605E+12
        38.96882      1.002658E+13
        39.02407      1.065370E+13
        39.06826      1.137691E+13
        39.12351      1.248162E+13
        39.17875      1.376982E+13
        39.22295      1.496597E+13
        39.27819      1.662586E+13
        39.33343      1.839642E+13
        39.38868      2.029587E+13
        39.44392      2.226963E+13
        39.49916      2.420568E+13
        39.55441      2.608566E+13
        39.60965      2.789660E+13
        39.66489      2.957876E+13
        39.72014      3.111036E+13
        39.77538      3.242095E+13
        39.83062      3.336606E+13
        39.88587      3.395443E+13
        39.94111      3.429897E+13
        39.99636      3.441847E+13
        40.05160      3.433638E+13
        40.10684      3.400017E+13
        40.16209      3.328008E+13
        40.21733      3.242880E+13
        40.27257      3.180012E+13
        40.32782      3.142791E+13
        40.37201      3.133541E+13
        40.42725      3.140315E+13
        40.48250      3.178920E+13
        40.52669      3.272453E+13
        40.58194      3.477904E+13
        40.62613      3.698621E+13
        40.68138      4.024311E+13
        40.72557      4.313231E+13
        40.76976      4.639492E+13
        40.81396      4.983034E+13
        40.85815      5.300052E+13
        40.90235      5.512923E+13
        40.94654      5.653960E+13
        40.99074      5.683300E+13
        41.03493      5.621607E+13
        41.06808      5.386634E+13
        41.10123      5.031139E+13
        41.14542      4.398825E+13
        41.17857      3.966292E+13
        41.21172      3.612378E+13
        41.23381      3.603089E+13
        41.26696      3.944321E+13
        41.28905      4.547767E+13
        41.32220      5.659338E+13
        41.34430      5.964898E+13
        41.36639      4.351727E+13
        41.38849      2.044081E+13
        41.41059      1.127240E+13
        41.44374      7.952501E+12
        41.46584      7.460056E+12
        41.49898      8.025801E+12
        41.52108      8.094733E+12
        41.55422      8.373940E+12
        41.58737      9.025945E+12
        41.63157      9.235737E+12
        41.66471      9.894892E+12
        41.69786      1.034669E+13
        41.74205      1.247119E+13
        41.78625      1.375059E+13
        41.83044      1.483639E+13
        41.87464      1.590016E+13
        41.91883      1.686235E+13
        41.96303      1.766313E+13
        42.00722      1.853008E+13
        42.05141      1.963522E+13
        42.10666      2.106002E+13
        42.15086      2.178784E+13
        42.20610      2.237061E+13
        42.25029      2.298058E+13
        42.30554      2.379409E+13
        42.36078      2.420196E+13
        42.40498      2.420450E+13
        42.46022      2.403499E+13
        42.51546      2.381716E+13
        42.57071      2.353435E+13
        42.62595      2.314541E+13
        42.68119      2.259752E+13
        42.73643      2.189749E+13
        42.79168      2.119003E+13
        42.84692      2.060281E+13
        42.90217      2.018420E+13
        42.95741      1.994551E+13
        43.01265      1.985796E+13
        43.06790      1.993793E+13
        43.12314      2.031634E+13
        43.17839      2.110183E+13
        43.23363      2.225853E+13
        43.28887      2.370953E+13
        43.34412      2.540602E+13
        43.39936      2.734401E+13
        43.45460      2.952395E+13
        43.50985      3.186390E+13
        43.55404      3.371427E+13
        43.60928      3.587149E+13
        43.66453      3.776544E+13
        43.70872      3.900202E+13
        43.76397      4.014005E+13
        43.80816      4.062365E+13
        43.86341      4.059955E+13
        43.90760      4.021499E+13
        43.95179      3.940721E+13
        43.99599      3.841368E+13
        44.04018      3.748502E+13
        44.08438      3.671101E+13
        44.12857      3.674746E+13
        44.17277      3.798424E+13
        44.21696      4.098647E+13
        44.25011      4.459414E+13
        44.28326      4.922048E+13
        44.32745      5.633353E+13
        44.36060      6.184919E+13
        44.39375      6.611224E+13
        44.41584      6.783253E+13
        44.44899      6.834339E+13
        44.47108      6.611694E+13
        44.50423      5.425936E+13
        44.52633      4.354313E+13
        44.54843      2.801685E+13
        44.57053      1.788753E+13
        44.59262      1.727707E+13
        44.62577      1.475693E+13
        44.64787      1.524992E+13
        44.68101      1.809777E+13
        44.70311      1.937456E+13
        44.73626      2.038368E+13
        44.76940      2.011797E+13
        44.81359      1.763315E+13
        44.84674      1.645018E+13
        44.87989      1.607146E+13
        44.92408      1.685948E+13
        44.96828      1.777838E+13
        45.01247      1.741399E+13
        45.05667      1.683731E+13
        45.10086      1.632968E+13
        45.14506      1.577848E+13
        45.18925      1.507450E+13
        45.23345      1.436408E+13
        45.28869      1.374145E+13
        45.33289      1.341217E+13
        45.38813      1.299339E+13
        45.43232      1.265320E+13
        45.48757      1.235982E+13
        45.54281      1.226584E+13
        45.58701      1.233815E+13
        45.64225      1.260982E+13
        45.69749      1.310878E+13
        45.75274      1.385799E+13
        45.80798      1.483147E+13
        45.86322      1.598867E+13
        45.91846      1.729214E+13
        45.97371      1.872118E+13
        46.02895      2.027792E+13
        46.08420      2.193030E+13
        46.13944      2.358921E+13
        46.19468      2.518389E+13
        46.24993      2.668022E+13
        46.30517      2.803364E+13
        46.36042      2.922114E+13
        46.41566      3.025419E+13
        46.47091      3.108337E+13
        46.52615      3.163318E+13
        46.58139      3.194217E+13
        46.63663      3.207028E+13
        46.69188      3.203722E+13
        46.73607      3.198524E+13
        46.79131      3.197500E+13
        46.84656      3.201240E+13
        46.89075      3.224019E+13
        46.94600      3.298239E+13
        46.99019      3.397452E+13
        47.04544      3.590194E+13
        47.08963      3.786738E+13
        47.13383      4.013261E+13
        47.17802      4.276545E+13
        47.22221      4.551580E+13
        47.26641      4.805774E+13
        47.31060      4.985507E+13
        47.35480      5.119296E+13
        47.39899      5.197257E+13
        47.43214      5.249811E+13
        47.46529      5.202810E+13
        47.50948      4.778010E+13
        47.54263      4.310724E+13
        47.57578      3.608261E+13
        47.59787      3.383829E+13
        47.63102      3.269923E+13
        47.65312      3.538728E+13
        47.68626      4.463210E+13
        47.70836      4.756110E+13
        47.73046      3.891797E+13
        47.75256      2.478927E+13
        47.77465      1.842474E+13
        47.80780      1.261281E+13
        47.82990      9.426560E+12
        47.86304      8.032132E+12
        47.88514      7.990176E+12
        47.91829      8.051764E+12
        47.95143      8.025384E+12
        47.99562      8.024945E+12
        48.02877      7.870190E+12
        48.06192      7.839644E+12
        48.10611      7.957515E+12
        48.15031      8.234630E+12
        48.19450      8.717860E+12
        48.23870      9.271471E+12
        48.28289      9.830829E+12
        48.32709      1.048199E+13
        48.37128      1.126067E+13
        48.41548      1.209047E+13
        48.47072      1.322528E+13
        48.51492      1.425795E+13
        48.57016      1.562665E+13
        48.61435      1.666865E+13
        48.66960      1.788353E+13
        48.72484      1.908552E+13
        48.76904      2.003069E+13
        48.82428      2.109844E+13
        48.87952      2.200766E+13
        48.93477      2.277558E+13
        48.99001      2.335702E+13
        49.04525      2.372156E+13
        49.10050      2.392099E+13
        49.15574      2.401850E+13
        49.21098      2.403733E+13
        49.26623      2.398981E+13
        49.32147      2.387491E+13
        49.37671      2.366510E+13
        49.43196      2.339258E+13
        49.48720      2.318890E+13
        49.54245      2.318238E+13
        49.59769      2.340791E+13
        49.65294      2.382264E+13
        49.70818      2.437274E+13
        49.76342      2.503653E+13
        49.81866      2.588860E+13
        49.87391      2.704849E+13
        49.91810      2.818707E+13
        49.97334      2.974289E+13
        50.02859      3.122905E+13
        50.07278      3.222833E+13
        50.12803      3.323859E+13
        50.17222      3.391878E+13
        50.22747      3.443158E+13
        50.27166      3.439988E+13
        50.31586      3.389790E+13
        50.36005      3.288720E+13
        50.40425      3.172729E+13
        50.44844      3.058415E+13
        50.49263      2.942476E+13
        50.53683      2.887974E+13
        50.58102      2.913913E+13
        50.61417      3.031887E+13
        50.64732      3.373873E+13
        50.69151      3.800295E+13
        50.72466      4.218630E+13
        50.75780      4.707422E+13
        50.77990      4.948370E+13
        50.81305      5.081272E+13
        50.83515      4.788196E+13
        50.86829      4.021630E+13
        50.89039      3.226163E+13
        50.91249      2.306298E+13
        50.93459      1.581990E+13
        50.95668      1.214789E+13
        50.98983      1.319971E+13
        51.01192      1.508233E+13
        51.04507      1.465652E+13
        51.06717      1.336208E+13
        51.10032      1.256680E+13
        51.13346      1.265240E+13
        51.17766      1.345971E+13
        51.21080      1.485108E+13
        51.24395      1.579649E+13
        51.28814      1.667440E+13
        51.33234      1.741989E+13
        51.37653      1.786440E+13
        51.42073      1.826423E+13
        51.46492      1.838901E+13
        51.50912      1.826861E+13
        51.55331      1.827815E+13
        51.59751      1.845720E+13
        51.65275      1.850705E+13
        51.69695      1.822770E+13
        51.75219      1.768458E+13
        51.79639      1.732402E+13
        51.85163      1.702111E+13
        51.90687      1.669825E+13
        51.95107      1.634819E+13
        52.00631      1.586000E+13
        52.06155      1.544327E+13
        52.11679      1.520173E+13
        52.17204      1.516397E+13
        52.22728      1.529152E+13
        52.28253      1.553149E+13
        52.33777      1.587546E+13
        52.39302      1.635787E+13
        52.44826      1.699997E+13
        52.50350      1.779037E+13
        52.55875      1.870017E+13
        52.61399      1.968347E+13
        52.66924      2.068321E+13
        52.72448      2.165958E+13
        52.77972      2.260369E+13
        52.83496      2.349826E+13
        52.89021      2.429517E+13
        52.94545      2.496142E+13
        53.00069      2.548925E+13
        53.05593      2.585352E+13
        53.10013      2.603145E+13
        53.15538      2.619462E+13
        53.21062      2.634428E+13
        53.25481      2.645007E+13
        53.31005      2.670850E+13
        53.35425      2.712456E+13
        53.40949      2.793500E+13
        53.45369      2.899255E+13
        53.49789      3.048528E+13
        53.54208      3.232537E+13
        53.58628      3.463264E+13
        53.63047      3.814898E+13
        53.67467      4.090410E+13
        53.71886      4.346927E+13
        53.76306      4.527658E+13
        53.79620      4.587395E+13
        53.82935      4.504977E+13
        53.87354      4.293082E+13
        53.90668      4.005371E+13
        53.93984      3.816947E+13
        53.96193      3.587221E+13
        53.99508      3.670015E+13
        54.01718      3.903286E+13
        54.05032      4.408556E+13
        54.07242      4.248143E+13
        54.09452      3.130663E+13
        54.11662      1.885289E+13
        54.13871      1.419095E+13
        54.17186      1.386811E+13
        54.19395      1.379058E+13
        54.22710      1.460885E+13
        54.24920      1.542952E+13
        54.28235      1.576986E+13
        54.31549      1.472453E+13
        54.35969      1.250347E+13
        54.39283      1.114786E+13
        54.42598      1.038749E+13
        54.47017      1.021055E+13
        54.51437      1.025655E+13
        54.55857      1.009831E+13
        54.60276      9.881815E+12
        54.64695      9.723664E+12
        54.69115      9.587690E+12
        54.73534      9.503103E+12
        54.77954      9.499997E+12
        54.83478      9.653650E+12
        54.87898      9.911137E+12
        54.93422      1.037165E+13
        54.97842      1.084913E+13
        55.03366      1.159742E+13
        55.08890      1.247076E+13
        55.13310      1.321156E+13
        55.18834      1.415351E+13
        55.24358      1.510292E+13
        55.29882      1.604564E+13
        55.35407      1.694843E+13
        55.40932      1.779339E+13
        55.46456      1.858445E+13
        55.51980      1.930625E+13
        55.57505      1.992916E+13
        55.63029      2.044760E+13
        55.68553      2.087871E+13
        55.74078      2.123578E+13
        55.79602      2.152585E+13
        55.85126      2.177242E+13
        55.90651      2.202093E+13
        55.96175      2.230776E+13
        56.01699      2.264822E+13
        56.07224      2.306517E+13
        56.12748      2.358590E+13
        56.18272      2.421751E+13
        56.23797      2.495857E+13
        56.28216      2.564148E+13
        56.33741      2.664393E+13
        56.39265      2.783777E+13
        56.43684      2.890774E+13
        56.49208      3.024768E+13
        56.53628      3.118412E+13
        56.59153      3.205808E+13
        56.63572      3.281666E+13
        56.67992      3.290537E+13
        56.72411      3.273414E+13
        56.76831      3.218665E+13
        56.81250      3.111886E+13
        56.85670      2.949129E+13
        56.90089      2.762656E+13
        56.94509      2.697946E+13
        56.97823      2.731189E+13
        57.01138      2.828788E+13
        57.05557      3.080871E+13
        57.08872      3.350907E+13
        57.12187      3.616014E+13
        57.14397      3.796236E+13
        57.17711      3.918434E+13
        57.19921      3.759394E+13
        57.23235      3.008995E+13
        57.25445      2.262665E+13
        57.27655      1.596316E+13
        57.29865      1.136342E+13
        57.32074      8.761848E+12
        57.35389      7.326211E+12
        57.37599      6.779460E+12
        57.40913      7.256559E+12
        57.43123      7.239952E+12
        57.46438      7.184228E+12
        57.49752      7.725470E+12
        57.54172      8.216886E+12
        57.57486      8.628909E+12
        57.60801      9.232642E+12
        57.65220      1.000429E+13
        57.69640      1.080202E+13
        57.74060      1.155826E+13
        57.78479      1.225056E+13
        57.82898      1.287620E+13
        57.87318      1.346199E+13
        57.91737      1.412248E+13
        57.96157      1.485341E+13
        58.01682      1.564694E+13
        58.06101      1.607511E+13
        58.11625      1.645116E+13
        58.16045      1.669851E+13
        58.21569      1.694691E+13
        58.27093      1.712034E+13
        58.31513      1.721777E+13
        58.37037      1.729042E+13
        58.42561      1.728203E+13
        58.48085      1.718143E+13
        58.53610      1.704131E+13
        58.59135      1.694138E+13
        58.64659      1.692922E+13
        58.70183      1.701548E+13
        58.75708      1.718774E+13
        58.81232      1.742076E+13
        58.86756      1.769052E+13
        58.92281      1.799039E+13
        58.97805      1.833841E+13
        59.03329      1.876298E+13
        59.08854      1.927062E+13
        59.14378      1.983119E+13
        59.19902      2.039023E+13
        59.25427      2.089063E+13
        59.30951      2.129988E+13
        59.36475      2.162487E+13
        59.42000      2.188148E+13
        59.46420      2.202699E+13
        59.51944      2.209758E+13
        59.57468      2.203118E+13
        59.61887      2.291317E+13
        59.67412      2.272142E+13
        59.71831      2.259484E+13
        59.77356      2.262353E+13
        59.81775      2.282561E+13
        59.86195      2.326714E+13
        59.90614      2.407367E+13
        59.95034      2.522884E+13
        59.99453      2.677967E+13
        60.03873      2.871709E+13
        60.08292      3.077536E+13
        60.12712      3.264524E+13
        60.16026      3.345793E+13
        60.19341      3.406782E+13
        60.23760      3.386921E+13
        60.27075      3.292932E+13
        60.30390      3.158498E+13
        60.32600      3.065773E+13
        60.35914      3.023230E+13
        60.38124      2.946300E+13
        60.41438      3.106242E+13
        60.43648      3.182335E+13
        60.45858      2.883127E+13
        60.48067      2.150613E+13
        60.50277      1.488983E+13
        60.53592      1.275524E+13
        60.55802      1.339564E+13
        60.59116      1.492405E+13
        60.61326      1.561679E+13
        60.64641      1.548453E+13
        60.67955      1.469182E+13
        60.72375      1.413601E+13
        60.75689      1.404283E+13
        60.79004      1.402192E+13
        60.83423      1.404905E+13
        60.87843      1.403826E+13
        60.92263      1.375780E+13
        60.96682      1.343355E+13
        61.01101      1.322749E+13
        61.05521      1.304913E+13
        61.09940      1.271521E+13
        61.14360      1.227281E+13
        61.19884      1.182735E+13
        61.24304      1.162586E+13
        61.29828      1.152498E+13
        61.34248      1.151759E+13
        61.39772      1.154831E+13
        61.45296      1.161493E+13
        61.49716      1.172087E+13
        61.55240      1.195337E+13
        61.60764      1.230648E+13
        61.66289      1.275248E+13
        61.71814      1.324028E+13
        61.77338      1.373074E+13
        61.82862      1.421112E+13
        61.88386      1.467770E+13
        61.93911      1.512388E+13
        61.99435      1.554560E+13
        62.04959      1.594645E+13
        62.10484      1.632839E+13
        62.16008      1.668355E+13
        62.21533      1.700383E+13
        62.27057      1.729722E+13
        62.32581      1.758708E+13
        62.38105      1.789467E+13
        62.43630      1.822981E+13
        62.49154      1.860503E+13
        62.54679      1.905169E+13
        62.60203      2.071941E+13
        62.64622      2.122318E+13
        62.70147      2.198104E+13
        62.75671      2.291698E+13
        62.80090      2.378826E+13
        62.85615      2.498432E+13
        62.90034      2.596539E+13
        62.95559      2.712512E+13
        62.99978      2.797406E+13
        63.04398      2.875562E+13
        63.08817      2.939900E+13
        63.13237      2.981138E+13
        63.17656      2.985349E+13
        63.22076      2.940529E+13
        63.26495      2.892366E+13
        63.30915      2.846951E+13
        63.34229      2.794893E+13
        63.37544      2.758427E+13
        63.41963      2.740950E+13
        63.45278      2.783996E+13
        63.48593      2.874919E+13
        63.50803      3.003241E+13
        63.54117      3.172233E+13
        63.56327      3.210666E+13
        63.59641      2.898233E+13
        63.61851      2.403443E+13
        63.64061      1.849725E+13
        63.66271      1.536157E+13
        63.68481      1.441696E+13
        63.71795      1.258931E+13
        63.74005      1.067655E+13
        63.77319      8.070025E+12
        63.79529      7.125675E+12
        63.82844      6.440461E+12
        63.86158      6.200313E+12
        63.90578      6.305314E+12
        63.93892      6.603147E+12
        63.97207      6.837234E+12
        64.01627      7.126026E+12
        64.06046      7.404650E+12
        64.10466      7.637735E+12
        64.14885      7.940356E+12
        64.19305      8.273195E+12
        64.23724      8.649167E+12
        64.28143      9.101766E+12
        64.32563      9.606437E+12
        64.38087      1.023968E+13
        64.42507      1.072270E+13
        64.48032      1.131631E+13
        64.52451      1.178803E+13
        64.57975      1.234801E+13
        64.63499      1.283286E+13
        64.67919      1.316147E+13
        64.73443      1.352538E+13
        64.78967      1.385711E+13
        64.84492      1.415561E+13
        64.90016      1.442349E+13
        64.95541      1.466941E+13
        65.01065      1.489828E+13
        65.06589      1.511639E+13
        65.12114      1.534015E+13
        65.17638      1.559615E+13
        65.23162      1.590924E+13
        65.28687      1.628653E+13
        65.34211      1.671290E+13
        65.39735      1.716212E+13
        65.45260      1.761147E+13
        65.50784      1.804991E+13
        65.56308      1.897836E+13
        65.61833      1.940462E+13
        65.67358      1.985114E+13
        65.72881      2.031354E+13
        65.78406      2.075879E+13
        65.82825      2.106018E+13
        65.88350      2.130170E+13
        65.93874      2.133555E+13
        65.98293      2.122680E+13
        66.03818      2.101977E+13
        66.08237      2.084576E+13
        66.13762      2.059498E+13
        66.18182      2.038126E+13
        66.22601      2.017919E+13
        66.27020      1.999800E+13
        66.31440      2.000093E+13
        66.35859      2.038493E+13
        66.40279      2.114796E+13
        66.44698      2.228180E+13
        66.49118      2.357240E+13
        66.52432      2.449811E+13
        66.55746      2.521468E+13
        66.60166      2.526151E+13
        66.63481      2.497076E+13
        66.66796      2.337401E+13
        66.69006      2.227330E+13
        66.72320      1.990324E+13
        66.74530      1.879988E+13
        66.77844      2.108151E+13
        66.80054      2.236601E+13
        66.82264      1.909502E+13
        66.84473      1.271941E+13
        66.86684      8.940971E+12
        66.89998      8.786777E+12
        66.92208      9.847729E+12
        66.95522      9.767073E+12
        66.97732      9.943183E+12
        67.01047      1.054218E+13
        67.04362      1.039305E+13
        67.08781      1.022519E+13
        67.12096      1.041438E+13
        67.15410      1.070556E+13
        67.19830      1.121119E+13
        67.24249      1.172904E+13
        67.28669      1.196579E+13
        67.33088      1.212750E+13
        67.37508      1.235280E+13
        67.41927      1.256417E+13
        67.46346      1.263969E+13
        67.50766      1.258371E+13
        67.56290      1.246874E+13
        67.60710      1.240706E+13
        67.66235      1.236365E+13
        67.70654      1.233212E+13
        67.76178      1.229413E+13
        67.81702      1.228026E+13
        67.86122      1.229915E+13
        67.91647      1.236850E+13
        67.97170      1.249145E+13
        68.02695      1.265948E+13
        68.08219      1.285707E+13
        68.13744      1.307224E+13
        68.19268      1.329952E+13
        68.24792      1.353553E+13
        68.30317      1.377239E+13
        68.35841      1.399751E+13
        68.41366      1.420047E+13
        68.46889      1.437824E+13
        68.52414      1.453208E+13
        68.57938      1.519295E+13
        68.63463      1.533584E+13
        68.68987      1.546856E+13
        68.74512      1.560217E+13
        68.80036      1.574394E+13
        68.85561      1.589330E+13
        68.91084      1.604871E+13
        68.96609      1.622553E+13
        69.01028      1.640735E+13
        69.06553      1.671540E+13
        69.12077      1.713082E+13
        69.16496      1.755398E+13
        69.22021      1.821736E+13
        69.26440      1.885721E+13
        69.31965      1.978040E+13
        69.36385      2.059629E+13
        69.40804      2.141543E+13
        69.45223      2.218577E+13
        69.49643      2.285957E+13
        69.54062      2.332704E+13
        69.58482      2.361858E+13
        69.62901      2.378831E+13
        69.67321      2.368578E+13
        69.70635      2.372672E+13
        69.73950      2.406257E+13
        69.78369      2.476091E+13
        69.81684      2.567602E+13
        69.84999      2.653755E+13
        69.87209      2.734377E+13
        69.90523      2.877422E+13
        69.92733      2.915854E+13
        69.96047      2.769273E+13
        69.98257      2.481765E+13
        70.00467      1.832966E+13
        70.02677      1.227514E+13
        70.04887      1.024257E+13
        70.08201      1.189579E+13
        70.10411      1.152952E+13
        70.13725      1.049602E+13
        70.15935      9.923633E+12
        70.19250      9.028189E+12
        70.22565      8.926753E+12
        70.26984      9.422349E+12
        70.30299      9.918240E+12
        70.33613      9.964680E+12
        70.38033      9.494412E+12
        70.42452      9.082625E+12
        70.46872      8.805053E+12
        70.51291      8.622926E+12
        70.55711      8.526159E+12
        70.60130      8.509753E+12
        70.64550      8.551550E+12
        70.68969      8.629067E+12
        70.74493      8.782437E+12
        70.78913      8.951392E+12
        70.84438      9.214340E+12
        70.88857      9.461126E+12
        70.94381      9.793974E+12
        70.99905      1.011390E+13
        71.04325      1.033953E+13
        71.09850      1.058364E+13
        71.15373      1.080025E+13
        71.20898      1.099991E+13
        71.26423      1.118661E+13
        71.31947      1.136661E+13
        71.37471      1.155112E+13
        71.42995      1.174959E+13
        71.48520      1.196580E+13
        71.54044      1.309755E+13
        71.59569      1.338304E+13
        71.65092      1.369431E+13
        71.70617      1.403234E+13
        71.76142      1.439473E+13
        71.81666      1.477780E+13
        71.87190      1.518247E+13
        71.92715      1.561669E+13
        71.98239      1.609050E+13
        72.03764      1.660532E+13
        72.09288      1.714843E+13
        72.14812      1.769706E+13
        72.19231      1.812040E+13
        72.24756      1.860141E+13
        72.30280      1.900182E+13
        72.34699      1.925750E+13
        72.40224      1.950654E+13
        72.44643      1.965946E+13
        72.50168      1.979545E+13
        72.54588      1.982322E+13
        72.59007      1.971695E+13
        72.63426      1.950965E+13
        72.67846      1.936249E+13
        72.72265      1.940512E+13
        72.76685      1.972840E+13
        72.81104      2.033278E+13
        72.85524      2.094958E+13
        72.88838      2.132072E+13
        72.92153      2.142075E+13
        72.96573      2.106533E+13
        72.99887      2.020887E+13
        73.03202      1.877025E+13
        73.05412      1.819630E+13
        73.08727      1.627268E+13
        73.10936      1.582574E+13
        73.14250      1.700816E+13
        73.16460      1.737505E+13
        73.18670      1.498507E+13
        73.20880      1.107103E+13
        73.23090      8.171969E+12
        73.26404      6.348480E+12
        73.28614      6.584799E+12
        73.31928      6.746597E+12
        73.34138      6.414533E+12
        73.37453      6.411063E+12
        73.40768      6.677131E+12
        73.45187      6.610835E+12
        73.48502      6.572902E+12
        73.51816      6.752225E+12
        73.56236      7.213252E+12
        73.60655      7.728360E+12
        73.65075      8.080470E+12
        73.69494      8.305183E+12
        73.73914      8.554251E+12
        73.78333      8.850863E+12
        73.82753      9.167153E+12
        73.87173      9.451999E+12
        73.92696      9.693548E+12
        73.97116      9.808207E+12
        74.02641      9.918984E+12
        74.07060      1.000868E+13
        74.12584      1.012933E+13
        74.18108      1.026824E+13
        74.22528      1.040078E+13
        74.28053      1.059315E+13
        74.33576      1.080399E+13
        74.39101      1.102240E+13
        74.44626      1.124688E+13
        74.50150      1.220249E+13
        74.55674      1.243229E+13
        74.61198      1.266632E+13
        74.66723      1.290184E+13
        74.72247      1.313484E+13
        74.77772      1.336020E+13
        74.83295      1.357257E+13
        74.88820      1.376730E+13
        74.94345      1.393962E+13
        74.99869      1.408541E+13
        75.05393      1.420266E+13
        75.10918      1.429199E+13
        75.16442      1.435566E+13
        75.21967      1.439706E+13
        75.27491      1.441951E+13
        75.33015      1.442286E+13
        75.37434      1.441174E+13
        75.42959      1.439245E+13
        75.48483      1.439549E+13
        75.52903      1.442988E+13
        75.58427      1.451604E+13
        75.62846      1.463064E+13
        75.68371      1.487062E+13
        75.72791      1.515902E+13
        75.77210      1.553886E+13
        75.81630      1.600287E+13
        75.86049      1.651296E+13
        75.90469      1.700149E+13
        75.94888      1.734981E+13
        75.99307      1.742400E+13
        76.03727      1.734103E+13
        76.07041      1.729681E+13
        76.10356      1.724437E+13
        76.14776      1.747295E+13
        76.18090      1.781048E+13
        76.21405      1.887175E+13
        76.23615      1.999258E+13
        76.26929      2.148297E+13
        76.29139      2.188873E+13
        76.32453      1.955783E+13
        76.34663      1.584555E+13
        76.36873      1.213318E+13
        76.39083      1.072408E+13
        76.41293      9.750731E+12
        76.44607      8.995776E+12
        76.46817      9.302596E+12
        76.50131      1.070630E+13
        76.52341      1.084031E+13
        76.55656      1.024768E+13
        76.58971      9.740470E+12
        76.63390      9.367041E+12
        76.66705      9.148659E+12
        76.70019      8.990575E+12
        76.74438      8.880605E+12
        76.78858      8.783716E+12
        76.83278      8.738993E+12
        76.87697      8.770866E+12
        76.92117      8.849738E+12
        76.96536      8.913745E+12
        77.00956      8.918890E+12
        77.05376      8.883887E+12
        77.10899      8.863267E+12
        77.15319      8.903759E+12
        77.20844      9.027792E+12
        77.25263      9.169584E+12
        77.30788      9.367221E+12
        77.36311      9.549321E+12
        77.40731      9.666138E+12
        77.46255      9.774359E+12
        77.51780      1.019739E+13
        77.57304      1.027433E+13
        77.62829      1.035738E+13
        77.68353      1.044708E+13
        77.73877      1.053981E+13
        77.79401      1.063415E+13
        77.84926      1.073079E+13
        77.90450      1.083028E+13
        77.95975      1.093329E+13
        78.01499      1.104312E+13
        78.07023      1.116692E+13
        78.12548      1.131405E+13
        78.18072      1.149272E+13
        78.23596      1.170722E+13
        78.29121      1.195629E+13
        78.34645      1.223599E+13
        78.40170      1.254579E+13
        78.45694      1.289050E+13
        78.51218      1.327314E+13
        78.55637      1.360373E+13
        78.61162      1.404197E+13
        78.66686      1.450444E+13
        78.71106      1.488791E+13
        78.76630      1.537180E+13
        78.81049      1.575010E+13
        78.86574      1.619194E+13
        78.90993      1.650472E+13
        78.95413      1.677302E+13
        78.99833      1.697895E+13
        79.04253      1.708558E+13
        79.08672      1.715497E+13
        79.13091      1.740114E+13
        79.17510      1.786525E+13
        79.21930      1.850560E+13
        79.25245      1.907137E+13
        79.28559      1.960887E+13
        79.32979      1.967401E+13
        79.36293      1.885479E+13
        79.39608      1.815266E+13
        79.41817      1.758003E+13
        79.45132      1.551412E+13
        79.47342      1.495554E+13
        79.50656      1.420551E+13
        79.52866      1.474916E+13
        79.55076      1.414178E+13
        79.57286      1.194044E+13
        79.59496      1.036212E+13
        79.62810      8.660632E+12
        79.65020      8.161182E+12
        79.68334      7.310111E+12
        79.70544      6.841040E+12
        79.73859      6.328551E+12
        79.77174      6.041751E+12
        79.81593      5.990847E+12
        79.84908      6.031939E+12
        79.88222      6.115133E+12
        79.92641      6.311538E+12
        79.97061      6.521934E+12
        80.01481      6.739727E+12
        80.05900      6.943574E+12
        80.10320      7.097065E+12
        80.14739      7.213871E+12
        80.19159      7.333365E+12
        80.23579      7.476190E+12
        80.29102      7.657972E+12
        80.33522      7.771287E+12
        80.39046      7.866469E+12
        80.43466      7.925134E+12
        80.48991      8.535818E+12
        80.54514      8.656466E+12
        80.58934      8.761401E+12
        80.64458      8.903307E+12
        80.69983      9.059943E+12
        80.75507      9.234027E+12
        80.81032      9.427772E+12
        80.86556      9.643382E+12
        80.92080      9.882107E+12
        80.97604      1.014271E+13
        81.03129      1.042051E+13
        81.08653      1.070806E+13
        81.14178      1.099612E+13
        81.19702      1.127548E+13
        81.25226      1.153941E+13
        81.30751      1.178575E+13
        81.36275      1.201679E+13
        81.41799      1.223780E+13
        81.47324      1.245437E+13
        81.52848      1.267000E+13
        81.58372      1.288373E+13
        81.63897      1.308798E+13
        81.69421      1.326932E+13
        81.73840      1.338720E+13
        81.79365      1.348812E+13
        81.84889      1.352830E+13
        81.89309      1.351915E+13
        81.94833      1.348268E+13
        81.99252      1.346419E+13
        82.04777      1.347390E+13
        82.09196      1.350685E+13
        82.13616      1.357241E+13
        82.18036      1.368630E+13
        82.22456      1.385125E+13
        82.26875      1.402438E+13
        82.31294      1.409895E+13
        82.35713      1.402066E+13
        82.40133      1.388829E+13
        82.43448      1.364850E+13
        82.46762      1.330545E+13
        82.51182      1.316489E+13
        82.54496      1.339058E+13
        82.57811      1.415514E+13
        82.60021      1.483736E+13
        82.63335      1.640969E+13
        82.65545      1.723871E+13
        82.68860      1.616968E+13
        82.71069      1.277783E+13
        82.73279      8.635561E+12
        82.75489      6.577125E+12
        82.77699      5.862161E+12
        82.81013      5.730897E+12
        82.83223      5.664726E+12
        82.86537      5.726925E+12
        82.88747      6.210517E+12
        82.92062      6.830722E+12
        82.95377      6.977290E+12
        82.99796      6.849394E+12
        83.03111      6.824373E+12
        83.06425      6.867878E+12
        83.10844      6.951186E+12
        83.15264      7.054180E+12
        83.19684      7.140029E+12
        83.24103      7.156628E+12
        83.28522      7.147188E+12
        83.32942      7.168178E+12
        83.37362      7.219391E+12
        83.41782      7.283493E+12
        83.47306      8.074600E+12
        83.51725      8.181289E+12
        83.57249      8.338076E+12
        83.61669      8.474790E+12
        83.67194      8.648291E+12
        83.72717      8.814130E+12
        83.77137      8.938596E+12
        83.82661      9.086515E+12
        83.88186      9.229160E+12
        83.93710      9.366691E+12
        83.99235      9.497391E+12
        84.04759      9.617803E+12
        84.10283      9.722346E+12
        84.15807      9.805701E+12
        84.21333      9.866256E+12
        84.26856      9.907594E+12
        84.32381      9.936823E+12
        84.37905      9.961904E+12
        84.43429      9.989929E+12
        84.48954      1.002650E+13
        84.54478      1.007505E+13
        84.60002      1.013645E+13
        84.65527      1.020907E+13
        84.71052      1.028923E+13
        84.76575      1.037092E+13
        84.82100      1.044817E+13
        84.87624      1.052233E+13
        84.92044      1.058981E+13
        84.97568      1.070669E+13
        85.03092      1.088151E+13
        85.07512      1.106753E+13
        85.13036      1.134938E+13
        85.17455      1.160468E+13
        85.22980      1.194525E+13
        85.27399      1.221822E+13
        85.31819      1.247437E+13
        85.36239      1.269822E+13
        85.40659      1.288465E+13
        85.45078      1.306961E+13
        85.49497      1.328545E+13
        85.53917      1.356824E+13
        85.58336      1.408874E+13
        85.61651      1.464346E+13
        85.64965      1.526186E+13
        85.69385      1.601504E+13
        85.72699      1.627376E+13
        85.76014      1.623659E+13
        85.78224      1.553093E+13
        85.81538      1.307640E+13
        85.83748      1.211730E+13
        85.87063      1.137359E+13
        85.89272      1.116082E+13
        85.91483      1.042998E+13
        85.93692      9.131372E+12
        85.95901      7.719255E+12
        85.99216      6.999903E+12
        86.01426      7.243002E+12
        86.04740      7.645911E+12
        86.06950      7.528069E+12
        86.10265      7.267544E+12
        86.13580      7.085831E+12
        86.17999      6.701687E+12
        86.21313      6.465453E+12
        86.24628      6.341032E+12
        86.29047      6.280029E+12
        86.33467      6.313106E+12
        86.37887      6.393148E+12
        86.42306      6.851567E+12
        86.46725      6.952557E+12
        86.51145      7.050428E+12
        86.55565      7.142666E+12
        86.59985      7.231267E+12
        86.65509      7.342349E+12
        86.69928      7.426336E+12
        86.75452      7.506978E+12
        86.79872      7.543618E+12
        86.85397      7.560977E+12
        86.90920      7.565343E+12
        86.95340      7.570302E+12
        87.00864      7.584307E+12
        87.06389      7.610102E+12
        87.11913      7.651668E+12
        87.17438      7.713395E+12
        87.22962      7.797760E+12
        87.28486      7.904408E+12
        87.34010      8.030794E+12
        87.39536      8.173034E+12
        87.45059      8.327066E+12
        87.50584      8.489674E+12
        87.56108      8.659171E+12
        87.61632      8.835283E+12
        87.67157      9.018737E+12
        87.72681      9.210597E+12
        87.78205      9.412936E+12
        87.83730      9.629165E+12
        87.89255      9.862889E+12
        87.94778      1.011570E+13
        88.00303      1.038549E+13
        88.05827      1.066544E+13
        88.10247      1.088897E+13
        88.15771      1.115369E+13
        88.21295      1.138533E+13
        88.25715      1.153989E+13
        88.31239      1.169751E+13
        88.35659      1.180157E+13
        88.41183      1.191769E+13
        88.45602      1.201632E+13
        88.50022      1.212989E+13
        88.54442      1.224893E+13
        88.58862      1.235007E+13
        88.63280      1.241725E+13
        88.67700      1.243562E+13
        88.72120      1.237535E+13
        88.76540      1.221171E+13
        88.79854      1.203558E+13
        88.83168      1.191317E+13
        88.87588      1.178977E+13
        88.90902      1.153428E+13
        88.94217      1.170007E+13
        88.96427      1.225254E+13
        88.99741      1.333979E+13
        89.01951      1.390254E+13
        89.05266      1.377619E+13
        89.07475      1.262130E+13
        89.09686      1.038556E+13
        89.11895      8.512911E+12
        89.14105      7.061116E+12
        89.17419      5.522625E+12
        89.19629      4.868889E+12
        89.22943      4.562542E+12
        89.25153      4.618086E+12
        89.28468      4.776644E+12
        89.31783      4.867385E+12
        89.36202      5.124001E+12
        89.39516      5.569439E+12
        89.42831      5.735262E+12
        89.47251      5.850968E+12
        89.51670      5.880668E+12
        89.56090      5.941646E+12
        89.60509      6.052925E+12
        89.64928      6.149952E+12
        89.69348      6.195010E+12
        89.73768      6.209134E+12
        89.78188      6.223370E+12
        89.83712      6.262621E+12
        89.88132      6.316846E+12
        89.93655      6.414388E+12
        89.98075      6.514590E+12
        90.03600      6.664435E+12
        90.09124      6.835818E+12
        90.13543      6.982524E+12
        90.19067      7.170918E+12
        90.24592      7.359563E+12
        90.30116      7.544792E+12
        90.35641      7.723503E+12
        90.41165      7.892810E+12
        90.46690      8.050590E+12
        90.52213      8.195826E+12
        90.57738      8.328692E+12
        90.63262      8.450642E+12
        90.68787      8.564557E+12
        90.74311      8.674024E+12
        90.79836      8.782175E+12
        90.85360      8.890480E+12
        90.90884      8.998327E+12
        90.96409      9.103171E+12
        91.01933      9.200991E+12
        91.07458      9.286685E+12
        91.12981      9.354751E+12
        91.18506      9.400862E+12
        91.24030      9.423478E+12
        91.28450      9.426087E+12
        91.33974      9.416433E+12
        91.39498      9.408013E+12
        91.43918      9.419755E+12
        91.49442      9.479207E+12
        91.53862      9.567289E+12
        91.59386      9.711673E+12
        91.63805      9.830146E+12
        91.68225      9.924420E+12
        91.72645      9.977379E+12
        91.77065      1.000019E+13
        91.81483      1.001630E+13
        91.85903      1.002813E+13
        91.90323      1.010835E+13
        91.94743      1.037506E+13
        91.98057      1.063698E+13
        92.01371      1.090071E+13
        92.05791      1.141997E+13
        92.09105      1.188869E+13
        92.12420      1.238207E+13
        92.14630      1.238216E+13
        92.17944      1.236771E+13
        92.20155      1.237259E+13
        92.23469      1.129969E+13
        92.25678      1.053613E+13
        92.27888      8.688169E+12
        92.30098      6.970403E+12
        92.32308      5.879240E+12
        92.35622      5.062387E+12
        92.37832      5.225073E+12
        92.41147      4.933079E+12
        92.43356      4.973607E+12
        92.46671      5.290580E+12
        92.49986      5.571476E+12
        92.54405      5.754372E+12
        92.57720      5.724558E+12
        92.61034      5.670316E+12
        92.65454      5.683325E+12
        92.69874      5.787074E+12
        92.74293      5.907370E+12
        92.78712      6.011743E+12
        92.83131      6.102567E+12
        92.87551      6.189849E+12
        92.91971      6.283358E+12
        92.96391      6.384102E+12
        93.01915      6.511753E+12
        93.06335      6.609428E+12
        93.11858      6.725050E+12
        93.16278      6.810740E+12
        93.21803      6.900198E+12
        93.27327      6.960194E+12
        93.31747      6.986800E+12
        93.37270      7.001897E+12
        93.42795      7.007838E+12
        93.48319      7.012534E+12
        93.53844      7.020308E+12
        93.59368      7.034213E+12
        93.64893      7.056832E+12
        93.70416      7.089745E+12
        93.75941      7.133124E+12
        93.81466      7.185584E+12
        93.86990      7.244440E+12
        93.92514      7.306299E+12
        93.98038      7.368121E+12
        94.03563      7.428783E+12
        94.09087      7.489958E+12
        94.14612      7.555680E+12
        94.20135      7.630723E+12
        94.25661      7.719263E+12
        94.31185      7.824954E+12
        94.36709      7.951967E+12
        94.42233      8.104553E+12
        94.46653      8.246307E+12
        94.52177      8.445882E+12
        94.57701      8.662466E+12
        94.62121      8.838076E+12
        94.67645      9.043144E+12
        94.72065      9.185626E+12
        94.77589      9.338155E+12
        94.82008      9.448513E+12
        94.86428      9.555427E+12
        94.90848      9.670950E+12
        94.95267      9.819799E+12
        94.99686      1.000367E+13
        95.04106      1.017034E+13
        95.08526      1.025391E+13
        95.12946      1.022270E+13
        95.16260      1.019015E+13
        95.19574      1.021153E+13
        95.23994      1.017184E+13
        95.27308      1.007540E+13
        95.30624      1.021448E+13
        95.32833      1.044902E+13
        95.36147      1.099662E+13
        95.38358      1.092924E+13
        95.41672      1.055939E+13
        95.43881      9.943512E+12
        95.46091      8.911430E+12
        95.48301      8.053664E+12
        95.50511      7.426936E+12
        95.53825      6.777908E+12
        95.56035      6.416854E+12
        95.59350      5.954914E+12
        95.61559      5.567594E+12
        95.64874      5.221618E+12
        95.68188      5.132698E+12
        95.72608      5.004636E+12
        95.75923      4.959674E+12
        95.79237      5.032556E+12
        95.83657      5.243739E+12
        95.88077      5.429862E+12
        95.92496      5.511396E+12
        95.96915      5.525494E+12
        96.01335      5.527886E+12
        96.05754      5.532540E+12
        96.10174      5.533400E+12
        96.14594      5.524748E+12
        96.20118      5.501037E+12
        96.24538      5.480263E+12
        96.30061      5.465934E+12
        96.34481      5.469725E+12
        96.40005      5.495778E+12
        96.45530      5.545203E+12
        96.49950      5.600206E+12
        96.55473      5.684890E+12
        96.60998      5.782439E+12
        96.66522      5.888147E+12
        96.72047      5.998774E+12
        96.77571      6.112390E+12
        96.83096      6.227844E+12
        96.88619      6.344481E+12
        96.94144      6.462336E+12
        96.99669      6.581996E+12
        97.05193      6.704353E+12
        97.10717      6.830232E+12
        97.16241      6.960093E+12
        97.21766      7.094026E+12
        97.27290      7.231621E+12
        97.32815      7.371665E+12
        97.38338      7.512029E+12
        97.43864      7.649923E+12
        97.49388      7.782224E+12
        97.54912      7.905690E+12
        97.60436      8.016595E+12
        97.64856      8.093369E+12
        97.70380      8.171575E+12
        97.75904      8.230383E+12
        97.80324      8.266260E+12
        97.85848      8.302239E+12
        97.90268      8.330420E+12
        97.95792      8.380493E+12
        98.00211      8.442113E+12
        98.04631      8.520410E+12
        98.09051      8.601563E+12
        98.13470      8.663059E+12
        98.17889      8.668462E+12
        98.22309      8.608449E+12
        98.26729      8.569880E+12
        98.31149      8.626783E+12
        98.34463      8.909352E+12
        98.37777      9.159554E+12
        98.42197      9.691679E+12
        98.45512      1.001937E+13
        98.48827      1.017004E+13
        98.51036      1.018839E+13
        98.54350      1.028967E+13
        98.56561      1.003858E+13
        98.59875      9.054357E+12
        98.62084      7.979298E+12
        98.64294      6.253269E+12
        98.66504      4.878545E+12
        98.68714      4.383758E+12
        98.72028      4.458925E+12
        98.74239      4.790470E+12
        98.77553      5.022283E+12
        98.79762      4.920167E+12
        98.83077      4.597032E+12
        98.86392      4.386533E+12
        98.90811      4.324320E+12
        98.94126      4.340799E+12
        98.97440      4.374353E+12
        99.01860      4.395234E+12
        99.06280      4.388819E+12
        99.10699      4.395301E+12
        99.15118      4.429496E+12
        99.19538      4.495001E+12
        99.23957      4.591237E+12
        99.28377      4.706120E+12
        99.32796      4.825900E+12
        99.38321      4.974961E+12
        99.42741      5.094335E+12
        99.48265      5.243249E+12
        99.52684      5.359151E+12
        99.58208      5.495719E+12
        99.63733      5.619644E+12
        99.68153      5.707625E+12
        99.73676      5.802167E+12
        99.79201      5.880761E+12
        99.84725      5.947470E+12
        99.90250      6.007324E+12
        99.95774      6.064481E+12
        100.0130      6.121607E+12
        100.0682      6.180095E+12
        100.1235      6.240253E+12
        100.1787      6.301474E+12
        100.2340      6.362337E+12
