       app. 2x1 mm.,28m,k=2.25    
       _______________________    
                                  
          energy              flux
  ______________    ______________
                                  
       0.0000000        0.02775079
      0.02773529      5.305496E+10
      0.05547058      2.742229E+09
      0.09707352      1.615728E+10
       0.1248088      4.115562E+10
       0.1664117      1.375447E+10
       0.1941470      4.234816E+10
       0.2357500      4.353536E+10
       0.2773529      2.124667E+10
       0.3328235      2.392331E+10
       0.3744264      1.971617E+10
       0.4160293      3.817802E+10
       0.4714999      3.825004E+10
       0.5269705      3.856568E+10
       0.5824411      3.907863E+10
       0.6379117      3.975824E+10
       0.6933823      4.058310E+10
       0.7488528      4.153896E+10
       0.8043234      4.261579E+10
       0.8597940      4.380808E+10
       0.9291322      3.625580E+10
       0.9846027      3.812108E+10
        1.053941      4.658440E+10
        1.109412      4.849295E+10
        1.178750      5.858326E+10
        1.248088      5.536825E+10
        1.303559      5.753618E+10
        1.372897      5.381925E+10
        1.442235      6.240889E+10
        1.511573      7.213948E+10
        1.580912      7.099072E+10
        1.650250      6.950189E+10
        1.719588      7.894080E+10
        1.788926      8.948172E+10
        1.858264      9.061253E+10
        1.927603      9.178988E+10
        1.996941      1.033019E+11
        2.066279      1.162720E+11
        2.135617      1.208098E+11
        2.204955      1.259186E+11
        2.274294      1.421955E+11
        2.343632      1.618671E+11
        2.412970      1.740723E+11
        2.482308      1.896686E+11
        2.551647      2.231864E+11
        2.620985      2.696914E+11
        2.690323      3.236255E+11
        2.745794      3.946501E+11
        2.815132      5.215566E+11
        2.884470      7.469760E+11
        2.939941      1.013133E+12
        3.009279      1.535052E+12
        3.064749      2.152576E+12
        3.134088      3.297652E+12
        3.189558      4.671499E+12
        3.245029      6.610639E+12
        3.300499      9.330680E+12
        3.355970      1.312794E+13
        3.411441      1.841266E+13
        3.466911      2.576684E+13
        3.522382      3.604628E+13
        3.577852      5.062009E+13
        3.619455      6.553470E+13
        3.661058      8.487155E+13
        3.716529      1.210884E+14
        3.758132      1.588313E+14
        3.799735      2.101018E+14
        3.827470      2.531339E+14
        3.869073      3.320821E+14
        3.896808      3.991227E+14
        3.938411      5.034051E+14
        3.966146      5.428408E+14
        3.993882      3.248210E+14
        4.021617      6.471996E+13
        4.049352      2.126227E+13
        4.090955      9.066334E+12
        4.118690      8.601322E+12
        4.160293      4.863059E+12
        4.188029      3.995223E+12
        4.229632      3.190200E+12
        4.271235      2.244917E+12
        4.326705      1.688124E+12
        4.368308      1.323636E+12
        4.409911      1.199373E+12
        4.465382      9.811572E+11
        4.520852      8.205440E+11
        4.576323      6.992292E+11
        4.631793      6.070340E+11
        4.687264      5.375526E+11
        4.742734      4.813569E+11
        4.798205      4.365932E+11
        4.853676      4.019280E+11
        4.923014      3.675207E+11
        4.978485      3.519403E+11
        5.047823      3.432325E+11
        5.103293      3.432330E+11
        5.172632      3.543837E+11
        5.241970      3.791363E+11
        5.297441      4.104142E+11
        5.366778      4.675151E+11
        5.436117      5.492150E+11
        5.505455      6.608560E+11
        5.574793      8.105456E+11
        5.644131      1.005469E+12
        5.713470      1.257412E+12
        5.782808      1.577753E+12
        5.852146      1.983461E+12
        5.921484      2.491543E+12
        5.990823      3.122439E+12
        6.060161      3.902695E+12
        6.129499      4.858273E+12
        6.198837      6.024097E+12
        6.268176      7.434966E+12
        6.337514      9.132209E+12
        6.406852      1.116559E+13
        6.476190      1.358125E+13
        6.545528      1.644048E+13
        6.614867      1.980075E+13
        6.684205      2.371820E+13
        6.739676      2.726100E+13
        6.809014      3.232157E+13
        6.878352      3.807478E+13
        6.933823      4.321129E+13
        7.003160      5.029661E+13
        7.058631      5.656275E+13
        7.127969      6.491576E+13
        7.183440      7.216240E+13
        7.238911      7.978065E+13
        7.294382      8.763859E+13
        7.349852      9.561281E+13
        7.405323      1.034368E+14
        7.460793      1.108127E+14
        7.516264      1.173537E+14
        7.571734      1.223960E+14
        7.613337      1.249125E+14
        7.654940      1.257311E+14
        7.710411      1.234288E+14
        7.752013      1.183570E+14
        7.793617      1.098192E+14
        7.821352      1.018570E+14
        7.862955      8.581894E+13
        7.890690      7.220225E+13
        7.932293      4.707573E+13
        7.960028      2.735453E+13
        7.987763      1.066042E+13
        8.015498      4.323639E+12
        8.043234      2.901290E+12
        8.084837      2.211454E+12
        8.112573      2.150272E+12
        8.154176      1.571568E+12
        8.181911      1.614947E+12
        8.223513      1.589420E+12
        8.265116      1.376736E+12
        8.320586      1.591894E+12
        8.362190      1.364012E+12
        8.403793      1.821425E+12
        8.459264      1.483720E+12
        8.514734      2.003387E+12
        8.570204      1.876412E+12
        8.625675      2.224585E+12
        8.681146      2.453962E+12
        8.736616      2.574651E+12
        8.792087      3.131722E+12
        8.847557      3.109625E+12
        8.916896      3.897684E+12
        8.972365      4.074601E+12
        9.041704      4.666877E+12
        9.097176      5.372770E+12
        9.166513      5.859078E+12
        9.235851      6.720782E+12
        9.291322      7.453492E+12
        9.360661      8.303507E+12
        9.429998      9.316726E+12
        9.499337      1.040493E+13
        9.568675      1.162033E+13
        9.638013      1.277663E+13
        9.707352      1.397928E+13
        9.776690      1.551997E+13
        9.846028      1.691824E+13
        9.915366      1.809404E+13
        9.984704      1.967520E+13
        10.05404      2.134837E+13
        10.12338      2.248371E+13
        10.19272      2.362914E+13
        10.26206      2.518543E+13
        10.33140      2.638937E+13
        10.40073      2.694468E+13
        10.47007      2.745634E+13
        10.53941      2.816128E+13
        10.60875      2.840686E+13
        10.67809      2.797967E+13
        10.73356      2.719308E+13
        10.80290      2.649280E+13
        10.87223      2.527202E+13
        10.92770      2.397515E+13
        10.99704      2.197266E+13
        11.05251      2.062720E+13
        11.12185      1.883866E+13
        11.17732      1.807062E+13
        11.23279      1.761713E+13
        11.28826      1.790159E+13
        11.34373      2.008456E+13
        11.39920      2.312979E+13
        11.45467      2.972648E+13
        11.51015      3.847570E+13
        11.56562      5.157649E+13
        11.60722      6.562774E+13
        11.64882      8.080963E+13
        11.70429      1.084524E+14
        11.74590      1.351240E+14
        11.78750      1.632543E+14
        11.81523      1.861830E+14
        11.85684      2.247503E+14
        11.88457      2.546201E+14
        11.92618      2.928758E+14
        11.95391      3.005146E+14
        11.98165      1.803751E+14
        12.00938      4.416416E+13
        12.03712      1.752361E+13
        12.07872      9.118247E+12
        12.10645      9.149828E+12
        12.14806      9.830391E+12
        12.17579      7.643092E+12
        12.21739      5.935098E+12
        12.25900      7.297193E+12
        12.31447      6.669843E+12
        12.35607      5.696525E+12
        12.39767      7.759795E+12
        12.45315      6.808246E+12
        12.50862      6.859803E+12
        12.56409      8.378400E+12
        12.61956      6.763754E+12
        12.67503      8.737253E+12
        12.73050      7.841801E+12
        12.78597      8.459266E+12
        12.84144      8.839987E+12
        12.91078      8.724297E+12
        12.96625      9.165895E+12
        13.03559      9.044452E+12
        13.09106      9.317373E+12
        13.16039      9.274116E+12
        13.22973      9.315100E+12
        13.28520      9.292831E+12
        13.35454      9.128231E+12
        13.42388      9.023100E+12
        13.49322      8.711715E+12
        13.56256      8.423827E+12
        13.63190      8.061561E+12
        13.70123      7.550085E+12
        13.77057      7.201193E+12
        13.83991      6.566453E+12
        13.90925      6.236646E+12
        13.97859      5.679234E+12
        14.04792      5.395162E+12
        14.11726      5.148669E+12
        14.18660      5.108537E+12
        14.25594      5.360959E+12
        14.32528      5.921249E+12
        14.39462      6.905340E+12
        14.46395      8.435600E+12
        14.53329      1.058224E+13
        14.60263      1.345525E+13
        14.67197      1.733305E+13
        14.72744      2.110369E+13
        14.79678      2.685181E+13
        14.86612      3.368359E+13
        14.92159      3.985911E+13
        14.99092      4.944368E+13
        15.04639      5.724023E+13
        15.11573      6.837491E+13
        15.17120      7.916534E+13
        15.22667      8.886502E+13
        15.28214      9.937218E+13
        15.33762      1.114290E+14
        15.39309      1.214071E+14
        15.44856      1.305482E+14
        15.50403      1.400864E+14
        15.55950      1.457885E+14
        15.60110      1.483739E+14
        15.64270      1.496597E+14
        15.69817      1.475674E+14
        15.73978      1.389187E+14
        15.78138      1.290342E+14
        15.80911      1.196903E+14
        15.85072      1.026788E+14
        15.87845      8.702672E+13
        15.92006      5.529238E+13
        15.94779      3.367119E+13
        15.97553      1.499378E+13
        16.00326      8.607695E+12
        16.03100      8.543620E+12
        16.07260      4.100563E+12
        16.10034      3.866297E+12
        16.14194      3.999272E+12
        16.16967      4.766766E+12
        16.21128      5.097946E+12
        16.25288      3.065071E+12
        16.30835      3.123749E+12
        16.34995      3.915617E+12
        16.39156      3.457495E+12
        16.44703      2.715296E+12
        16.50250      2.905727E+12
        16.55797      2.743702E+12
        16.61344      2.577748E+12
        16.66891      2.512130E+12
        16.72438      2.295100E+12
        16.77985      2.401655E+12
        16.83532      2.431520E+12
        16.90466      2.289892E+12
        16.96013      2.523179E+12
        17.02947      2.774993E+12
        17.08494      2.944888E+12
        17.15428      3.408839E+12
        17.22362      4.021385E+12
        17.27909      4.552474E+12
        17.34842      5.430202E+12
        17.41776      6.543497E+12
        17.48710      7.786455E+12
        17.55644      9.326490E+12
        17.62578      1.103734E+13
        17.69511      1.311243E+13
        17.76445      1.525023E+13
        17.83379      1.793217E+13
        17.90313      2.050630E+13
        17.97247      2.375775E+13
        18.04181      2.668161E+13
        18.11115      3.046669E+13
        18.18048      3.362598E+13
        18.24982      3.772949E+13
        18.31916      4.099526E+13
        18.38850      4.542698E+13
        18.45783      4.860083E+13
        18.52717      5.220191E+13
        18.59651      5.518598E+13
        18.66585      5.751532E+13
        18.72132      5.952270E+13
        18.79066      6.044420E+13
        18.86000      6.219373E+13
        18.91547      6.105278E+13
        18.98481      6.114984E+13
        19.04028      5.912293E+13
        19.10962      5.678189E+13
        19.16508      5.509128E+13
        19.22056      5.122168E+13
        19.27603      4.916988E+13
        19.33150      4.568395E+13
        19.38697      4.322733E+13
        19.44244      4.186634E+13
        19.49791      4.115626E+13
        19.55338      4.295122E+13
        19.59498      4.662292E+13
        19.63659      5.211659E+13
        19.69206      6.301607E+13
        19.73366      7.478542E+13
        19.77526      9.146660E+13
        19.80300      1.047379E+14
        19.84460      1.289025E+14
        19.87234      1.482934E+14
        19.91394      1.771090E+14
        19.94168      1.847124E+14
        19.96941      1.130360E+14
        19.99714      2.971765E+13
        20.02488      1.208426E+13
        20.06648      7.195925E+12
        20.09422      7.027497E+12
        20.13582      5.777914E+12
        20.16356      5.551260E+12
        20.20516      6.523460E+12
        20.24676      5.835953E+12
        20.30223      6.320799E+12
        20.34384      7.003834E+12
        20.38544      7.818718E+12
        20.44091      7.703830E+12
        20.49638      8.108755E+12
        20.55185      9.954053E+12
        20.60732      1.047988E+13
        20.66279      1.062468E+13
        20.71826      1.211947E+13
        20.77373      1.337463E+13
        20.82920      1.398517E+13
        20.89854      1.544544E+13
        20.95401      1.650270E+13
        21.02335      1.789803E+13
        21.07882      1.903990E+13
        21.14816      2.017955E+13
        21.21750      2.189488E+13
        21.27297      2.262596E+13
        21.34231      2.385643E+13
        21.41164      2.529949E+13
        21.48098      2.570846E+13
        21.55032      2.720688E+13
        21.61966      2.736611E+13
        21.68900      2.804558E+13
        21.75833      2.844799E+13
        21.82767      2.807849E+13
        21.89701      2.842804E+13
        21.96635      2.741088E+13
        22.03569      2.722396E+13
        22.10503      2.629033E+13
        22.17436      2.539953E+13
        22.24370      2.414266E+13
        22.31304      2.279604E+13
        22.38238      2.164560E+13
        22.45172      2.027866E+13
        22.52106      1.946489E+13
        22.59039      1.869461E+13
        22.65973      1.869896E+13
        22.71520      1.893373E+13
        22.78454      2.024876E+13
        22.85388      2.245697E+13
        22.90935      2.512518E+13
        22.97869      2.953163E+13
        23.03416      3.417142E+13
        23.10350      4.167623E+13
        23.15897      4.840173E+13
        23.21444      5.630060E+13
        23.26991      6.501172E+13
        23.32538      7.562526E+13
        23.38085      8.513456E+13
        23.43632      9.493084E+13
        23.49179      1.050976E+14
        23.54726      1.155008E+14
        23.58886      1.220683E+14
        23.63047      1.236803E+14
        23.68594      1.244131E+14
        23.72754      1.231451E+14
        23.76914      1.215259E+14
        23.79688      1.158514E+14
        23.83848      9.978477E+13
        23.86622      8.318539E+13
        23.90782      5.820811E+13
        23.93556      3.829198E+13
        23.96329      2.544227E+13
        23.99103      1.723882E+13
        24.01876      2.093485E+13
        24.06036      1.476110E+13
        24.08810      1.079506E+13
        24.12970      1.121610E+13
        24.15744      1.329217E+13
        24.19904      1.574861E+13
        24.24064      1.919137E+13
        24.29611      1.318170E+13
        24.33772      1.231319E+13
        24.37932      1.418435E+13
        24.43479      1.751543E+13
        24.49026      1.577498E+13
        24.54573      1.373798E+13
        24.60120      1.547274E+13
        24.65667      1.605191E+13
        24.71214      1.507062E+13
        24.76761      1.449879E+13
        24.82308      1.487325E+13
        24.89242      1.438538E+13
        24.94789      1.402437E+13
        25.01723      1.346089E+13
        25.07270      1.299265E+13
        25.14204      1.269494E+13
        25.21138      1.190749E+13
        25.26685      1.135425E+13
        25.33619      1.113449E+13
        25.40553      1.048871E+13
        25.47486      1.007574E+13
        25.54420      1.004612E+13
        25.61354      9.838665E+12
        25.68288      1.001734E+13
        25.75222      1.062535E+13
        25.82155      1.129757E+13
        25.89089      1.232885E+13
        25.96023      1.381630E+13
        26.02957      1.574092E+13
        26.09891      1.798981E+13
        26.16825      2.064386E+13
        26.23759      2.391607E+13
        26.30692      2.755401E+13
        26.37626      3.155256E+13
        26.44560      3.578074E+13
        26.51494      4.059760E+13
        26.58427      4.541153E+13
        26.65361      5.022616E+13
        26.70908      5.424595E+13
        26.77842      5.851981E+13
        26.84776      6.317178E+13
        26.90323      6.570468E+13
        26.97257      6.931241E+13
        27.02804      7.003060E+13
        27.09738      7.163917E+13
        27.15285      7.112653E+13
        27.20832      7.125005E+13
        27.26379      6.785207E+13
        27.31926      6.515558E+13
        27.37473      6.112105E+13
        27.43020      5.993442E+13
        27.48567      5.415176E+13
        27.54114      4.884880E+13
        27.58274      4.671378E+13
        27.62435      4.715466E+13
        27.67982      5.149829E+13
        27.72142      5.529676E+13
        27.76303      5.816513E+13
        27.79076      6.498014E+13
        27.83236      7.958938E+13
        27.86010      9.315839E+13
        27.90170      1.171846E+14
        27.92944      1.262051E+14
        27.95717      8.499874E+13
        27.98491      2.667320E+13
        28.01264      1.020183E+13
        28.05424      7.201159E+12
        28.08198      6.798558E+12
        28.12358      7.688208E+12
        28.15132      8.240213E+12
        28.19292      8.781501E+12
        28.23453      7.575645E+12
        28.29000      6.204089E+12
        28.33160      5.495663E+12
        28.37320      5.772611E+12
        28.42867      6.323890E+12
        28.48414      6.433930E+12
        28.53961      6.616717E+12
        28.59508      6.542064E+12
        28.65055      6.428909E+12
        28.70602      6.715626E+12
        28.76150      7.406437E+12
        28.81697      8.189136E+12
        28.88630      8.783151E+12
        28.94177      9.355164E+12
        29.01111      1.045671E+13
        29.06658      1.154279E+13
        29.13592      1.297460E+13
        29.20526      1.445628E+13
        29.26073      1.572988E+13
        29.33007      1.756550E+13
        29.39941      1.949503E+13
        29.46875      2.173308E+13
        29.53808      2.395265E+13
        29.60742      2.618771E+13
        29.67676      2.795723E+13
        29.74610      3.004629E+13
        29.81544      3.214081E+13
        29.88478      3.374376E+13
        29.95411      3.539407E+13
        30.02345      3.659219E+13
        30.09279      3.753408E+13
        30.16213      3.853958E+13
        30.23147      3.862944E+13
        30.30080      3.849839E+13
        30.37014      3.825225E+13
        30.43948      3.728584E+13
        30.50882      3.627623E+13
        30.57816      3.468217E+13
        30.64750      3.314836E+13
        30.70296      3.194629E+13
        30.77230      3.001810E+13
        30.84164      2.873806E+13
        30.89711      2.779315E+13
        30.96645      2.758679E+13
        31.02192      2.782196E+13
        31.09126      2.912157E+13
        31.14673      3.108954E+13
        31.20220      3.394272E+13
        31.25767      3.806903E+13
        31.31314      4.364898E+13
        31.36861      5.028106E+13
        31.42408      5.742930E+13
        31.47956      6.468784E+13
        31.53502      7.279682E+13
        31.57663      7.846655E+13
        31.61823      8.425109E+13
        31.67370      9.002769E+13
        31.71530      9.215757E+13
        31.75691      9.127907E+13
        31.78464      8.679273E+13
        31.82624      7.667637E+13
        31.85398      6.695044E+13
        31.89558      4.914105E+13
        31.92332      3.342421E+13
        31.95105      1.713911E+13
        31.97879      1.153936E+13
        32.00653      1.289391E+13
        32.04813      1.106768E+13
        32.07586      1.118299E+13
        32.11747      1.037763E+13
        32.14520      1.036657E+13
        32.18680      1.066918E+13
        32.22841      1.210184E+13
        32.28387      1.180694E+13
        32.32548      1.248865E+13
        32.36708      1.386251E+13
        32.42255      1.546217E+13
        32.47802      1.539480E+13
        32.53349      1.530059E+13
        32.58897      1.571235E+13
        32.64444      1.762742E+13
        32.69991      1.854166E+13
        32.75538      1.884695E+13
        32.81085      1.925326E+13
        32.88019      1.988145E+13
        32.93566      2.019979E+13
        33.00500      2.078258E+13
        33.06046      2.134942E+13
        33.12981      2.240469E+13
        33.19914      2.209575E+13
        33.25462      2.238359E+13
        33.32395      2.236816E+13
        33.39329      2.154215E+13
        33.46263      2.115673E+13
        33.53196      2.078715E+13
        33.60130      1.976275E+13
        33.67064      1.893201E+13
        33.73998      1.830526E+13
        33.80932      1.739496E+13
        33.87866      1.659753E+13
        33.94799      1.611864E+13
        34.01733      1.565175E+13
        34.08667      1.542153E+13
        34.15601      1.560739E+13
        34.22535      1.611563E+13
        34.29469      1.703721E+13
        34.36403      1.849201E+13
        34.43336      2.041486E+13
        34.50270      2.290505E+13
        34.57204      2.587342E+13
        34.64138      2.942356E+13
        34.69685      3.251365E+13
        34.76618      3.681332E+13
        34.83553      4.152828E+13
        34.89099      4.509688E+13
        34.96033      4.967244E+13
        35.01580      5.299864E+13
        35.08514      5.639758E+13
        35.14061      5.951680E+13
        35.19608      6.088281E+13
        35.25156      6.240300E+13
        35.30702      6.135112E+13
        35.36250      5.981289E+13
        35.41796      5.776634E+13
        35.47343      5.595045E+13
        35.52890      5.258304E+13
        35.57051      4.912863E+13
        35.61211      4.504253E+13
        35.66758      4.237559E+13
        35.70919      4.252148E+13
        35.75079      4.673297E+13
        35.77852      5.127770E+13
        35.82013      6.344611E+13
        35.84786      6.926778E+13
        35.88946      7.582220E+13
        35.91720      8.372202E+13
        35.94493      5.892315E+13
        35.97267      2.651454E+13
        36.00041      1.584764E+13
        36.04201      1.607147E+13
        36.06974      1.852824E+13
        36.11135      1.863210E+13
        36.13908      1.339299E+13
        36.18068      1.023224E+13
        36.22229      1.027471E+13
        36.27776      1.193140E+13
        36.31936      1.431305E+13
        36.36097      1.432482E+13
        36.41644      1.230282E+13
        36.47191      1.050115E+13
        36.52737      1.057018E+13
        36.58285      1.104555E+13
        36.63832      1.068902E+13
        36.69379      1.005073E+13
        36.74926      9.520105E+12
        36.80473      1.035140E+13
        36.87407      9.794092E+12
        36.92954      9.586953E+12
        36.99888      9.464202E+12
        37.05435      9.197644E+12
        37.12369      9.148692E+12
        37.19302      9.441839E+12
        37.24850      9.770339E+12
        37.31783      1.027533E+13
        37.38717      1.095524E+13
        37.45651      1.192445E+13
        37.52584      1.315615E+13
        37.59518      1.460067E+13
        37.66452      1.618045E+13
        37.73386      1.796117E+13
        37.80320      1.999241E+13
        37.87254      2.223229E+13
        37.94188      2.444376E+13
        38.01121      2.658462E+13
        38.08055      2.885106E+13
        38.14989      3.112779E+13
        38.21923      3.326549E+13
        38.28857      3.512935E+13
        38.35791      3.659045E+13
        38.42724      3.774228E+13
        38.49658      3.876332E+13
        38.56592      3.934752E+13
        38.63526      3.916668E+13
        38.69073      3.874249E+13
        38.76007      3.791632E+13
        38.82941      3.672082E+13
        38.88487      3.569802E+13
        38.95422      3.402640E+13
        39.00968      3.285261E+13
        39.07903      3.174069E+13
        39.13449      3.092790E+13
        39.18996      3.061927E+13
        39.24544      3.086809E+13
        39.30090      3.276957E+13
        39.35638      3.580430E+13
        39.41185      3.939049E+13
        39.46732      4.308570E+13
        39.52279      4.759065E+13
        39.56439      5.230428E+13
        39.60600      5.717159E+13
        39.66146      6.384395E+13
        39.70307      6.783200E+13
        39.74467      6.733133E+13
        39.77240      6.507467E+13
        39.81401      5.889680E+13
        39.84174      5.271668E+13
        39.88335      3.918322E+13
        39.91108      2.587630E+13
        39.93882      1.364087E+13
        39.96655      9.830971E+12
        39.99429      1.046238E+13
        40.03589      7.706256E+12
        40.06363      6.688961E+12
        40.10523      5.611592E+12
        40.13296      5.161952E+12
        40.17457      5.654650E+12
        40.21617      6.288817E+12
        40.27164      6.351012E+12
        40.31324      6.917964E+12
        40.35485      7.581608E+12
        40.41032      8.311235E+12
        40.46579      8.645886E+12
        40.52126      8.915965E+12
        40.57673      9.250966E+12
        40.63220      1.015428E+13
        40.68767      1.139305E+13
        40.74314      1.245703E+13
        40.79861      1.324358E+13
        40.86795      1.428927E+13
        40.92342      1.525583E+13
        40.99276      1.658925E+13
        41.04823      1.755212E+13
        41.11757      1.869583E+13
        41.18690      1.998300E+13
        41.24238      2.094478E+13
        41.31171      2.185231E+13
        41.38105      2.272350E+13
        41.45039      2.354011E+13
        41.51973      2.399096E+13
        41.58907      2.424695E+13
        41.65841      2.459219E+13
        41.72775      2.472830E+13
        41.79708      2.437719E+13
        41.86642      2.383325E+13
        41.93576      2.334823E+13
        42.00509      2.280555E+13
        42.07444      2.207787E+13
        42.14377      2.123972E+13
        42.21311      2.042221E+13
        42.28245      1.972612E+13
        42.35179      1.926796E+13
        42.42112      1.909001E+13
        42.49047      1.908347E+13
        42.55980      1.938916E+13
        42.62914      2.027575E+13
        42.68461      2.136325E+13
        42.75395      2.318351E+13
        42.82329      2.546815E+13
        42.87876      2.764856E+13
        42.94810      3.073517E+13
        43.00356      3.338707E+13
        43.07291      3.684877E+13
        43.12837      3.937895E+13
        43.18385      4.164541E+13
        43.23932      4.417474E+13
        43.29479      4.564636E+13
        43.35026      4.658566E+13
        43.40573      4.659396E+13
        43.46120      4.431579E+13
        43.51667      4.233324E+13
        43.55827      3.912067E+13
        43.59988      3.792165E+13
        43.65535      3.384023E+13
        43.69695      3.329743E+13
        43.73855      3.379925E+13
        43.76628      3.579047E+13
        43.80789      3.959585E+13
        43.83562      4.532285E+13
        43.87723      5.572580E+13
        43.90496      5.776020E+13
        43.93270      4.274995E+13
        43.96043      2.277838E+13
        43.98817      1.415219E+13
        44.02977      1.371681E+13
        44.05751      1.155452E+13
        44.09911      1.093471E+13
        44.12684      1.284913E+13
        44.16845      1.547901E+13
        44.21005      1.720212E+13
        44.26552      1.704015E+13
        44.30713      1.530298E+13
        44.34873      1.417708E+13
        44.40420      1.400839E+13
        44.45967      1.539639E+13
        44.51514      1.680704E+13
        44.57061      1.684283E+13
        44.62608      1.660764E+13
        44.68155      1.640182E+13
        44.73702      1.628219E+13
        44.79249      1.596969E+13
        44.86183      1.554605E+13
        44.91730      1.547177E+13
        44.98664      1.528389E+13
        45.04211      1.473752E+13
        45.11145      1.399769E+13
        45.18079      1.359059E+13
        45.23626      1.330739E+13
        45.30560      1.277422E+13
        45.37493      1.220222E+13
        45.44427      1.188864E+13
        45.51361      1.180895E+13
        45.58295      1.181276E+13
        45.65229      1.192139E+13
        45.72163      1.221101E+13
        45.79096      1.277120E+13
        45.86030      1.360509E+13
        45.92964      1.465948E+13
        45.99898      1.592787E+13
        46.06832      1.738079E+13
        46.13765      1.899773E+13
        46.20699      2.075513E+13
        46.27633      2.262966E+13
        46.34567      2.460073E+13
        46.41501      2.653795E+13
        46.48435      2.832413E+13
        46.55368      2.994702E+13
        46.62302      3.136958E+13
        46.67849      3.229607E+13
        46.74783      3.309275E+13
        46.81717      3.344251E+13
        46.87264      3.338830E+13
        46.94198      3.282801E+13
        46.99745      3.229942E+13
        47.06679      3.155723E+13
        47.12226      3.075424E+13
        47.17773      3.026329E+13
        47.23320      2.975159E+13
        47.28867      2.932728E+13
        47.34414      2.933766E+13
        47.39961      2.977785E+13
        47.45508      3.198316E+13
        47.51055      3.606711E+13
        47.55215      4.063528E+13
        47.59376      4.483384E+13
        47.64923      4.932376E+13
        47.69083      4.998301E+13
        47.73243      4.974031E+13
        47.76017      4.940649E+13
        47.80177      4.796328E+13
        47.82951      4.534465E+13
        47.87111      3.544986E+13
        47.89885      2.642352E+13
        47.92658      2.045302E+13
        47.95432      1.904563E+13
        47.98205      1.698979E+13
        48.02365      1.049716E+13
        48.05139      8.298059E+12
        48.09299      8.044767E+12
        48.12073      8.050035E+12
        48.16233      8.258308E+12
        48.20393      8.903306E+12
        48.25940      9.499761E+12
        48.30101      8.763223E+12
        48.34261      8.066094E+12
        48.39808      7.467919E+12
        48.45355      7.308420E+12
        48.50902      7.693337E+12
        48.56449      7.812743E+12
        48.61996      7.630904E+12
        48.67543      7.532797E+12
        48.73090      7.629747E+12
        48.78637      7.759739E+12
        48.85571      8.067063E+12
        48.91118      8.573432E+12
        48.98052      9.334332E+12
        49.03599      9.949283E+12
        49.10533      1.079639E+13
        49.17467      1.175609E+13
        49.23014      1.260589E+13
        49.29948      1.371122E+13
        49.36881      1.484195E+13
        49.43815      1.604388E+13
        49.50749      1.726046E+13
        49.57683      1.837168E+13
        49.64617      1.935990E+13
        49.71551      2.031058E+13
        49.78484      2.121348E+13
        49.85418      2.195023E+13
        49.92352      2.245248E+13
        49.99286      2.271306E+13
        50.06220      2.278501E+13
        50.13153      2.276482E+13
        50.20087      2.265895E+13
        50.27021      2.239910E+13
        50.33955      2.195839E+13
        50.40889      2.135295E+13
        50.47823      2.070887E+13
        50.54757      2.025136E+13
        50.61690      2.006560E+13
        50.67237      2.002405E+13
        50.74171      2.007479E+13
        50.81105      2.039978E+13
        50.86652      2.094193E+13
        50.93586      2.212959E+13
        50.99133      2.346270E+13
        51.06067      2.533499E+13
        51.11614      2.686539E+13
        51.17161      2.862805E+13
        51.22708      3.054748E+13
        51.28255      3.232756E+13
        51.33802      3.321166E+13
        51.39349      3.389655E+13
        51.44896      3.323086E+13
        51.50443      3.190205E+13
        51.54604      3.179558E+13
        51.58764      2.933378E+13
        51.64311      2.776877E+13
        51.68471      2.481115E+13
        51.72632      2.369234E+13
        51.75405      2.256280E+13
        51.79565      2.555592E+13
        51.82339      2.877631E+13
        51.86499      3.577566E+13
        51.89273      3.663305E+13
        51.92046      2.756398E+13
        51.94820      1.534847E+13
        51.97593      9.886294E+12
        52.01754      7.191382E+12
        52.04527      6.301951E+12
        52.08688      6.321704E+12
        52.11461      7.273386E+12
        52.15621      7.831748E+12
        52.19781      8.183812E+12
        52.25328      9.043878E+12
        52.29489      9.935308E+12
        52.33649      1.060610E+13
        52.39196      1.089530E+13
        52.44743      1.098899E+13
        52.50290      1.144201E+13
        52.55837      1.193392E+13
        52.61384      1.246067E+13
        52.66932      1.314800E+13
        52.72479      1.391398E+13
        52.78025      1.452429E+13
        52.84960      1.495115E+13
        52.90506      1.510424E+13
        52.97440      1.536321E+13
        53.02987      1.567600E+13
        53.09921      1.591981E+13
        53.16855      1.575983E+13
        53.22402      1.550668E+13
        53.29336      1.529486E+13
        53.36269      1.515483E+13
        53.43204      1.491266E+13
        53.50137      1.449914E+13
        53.57071      1.398643E+13
        53.64005      1.351384E+13
        53.70939      1.314385E+13
        53.77872      1.287957E+13
        53.84807      1.271548E+13
        53.91740      1.264594E+13
        53.98674      1.268434E+13
        54.05608      1.286322E+13
        54.12542      1.322511E+13
        54.19476      1.381301E+13
        54.26409      1.461921E+13
        54.33344      1.557076E+13
        54.40277      1.662042E+13
        54.47211      1.778039E+13
        54.54145      1.904940E+13
        54.61078      2.036317E+13
        54.66626      2.138235E+13
        54.73559      2.254169E+13
        54.80493      2.349022E+13
        54.86040      2.407918E+13
        54.92974      2.452595E+13
        54.98521      2.462238E+13
        55.05455      2.450839E+13
        55.11002      2.414927E+13
        55.16549      2.363783E+13
        55.22096      2.362440E+13
        55.27643      2.331795E+13
        55.33191      2.315588E+13
        55.38737      2.335202E+13
        55.44284      2.405816E+13
        55.49831      2.530976E+13
        55.53992      2.657337E+13
        55.58152      2.917788E+13
        55.63699      3.323446E+13
        55.67859      3.698051E+13
        55.72020      4.008477E+13
        55.74793      4.048382E+13
        55.78954      3.800065E+13
        55.81727      3.513432E+13
        55.85887      3.180140E+13
        55.88661      2.830024E+13
        55.91434      1.874279E+13
        55.94208      1.166944E+13
        55.96981      1.006797E+13
        56.01142      1.200394E+13
        56.03915      1.273913E+13
        56.08076      1.307426E+13
        56.10849      1.207942E+13
        56.15009      1.066276E+13
        56.19170      9.613738E+12
        56.24717      9.753868E+12
        56.28877      1.082281E+13
        56.33038      1.176059E+13
        56.38584      1.184750E+13
        56.44131      1.104055E+13
        56.49678      1.030597E+13
        56.55226      9.745194E+12
        56.60772      9.342071E+12
        56.66320      9.117443E+12
        56.71867      8.905168E+12
        56.77414      8.660271E+12
        56.84348      8.413900E+12
        56.89894      8.297290E+12
        56.96829      8.127905E+12
        57.02375      7.995945E+12
        57.09309      7.952642E+12
        57.16243      8.060098E+12
        57.21790      8.244912E+12
        57.28724      8.595438E+12
        57.35658      9.061063E+12
        57.42592      9.646741E+12
        57.49525      1.033950E+13
        57.56459      1.110425E+13
        57.63393      1.192651E+13
        57.70327      1.278951E+13
        57.77261      1.366979E+13
        57.84195      1.456684E+13
        57.91129      1.546987E+13
        57.98062      1.632087E+13
        58.04996      1.706705E+13
        58.11930      1.770073E+13
        58.18864      1.821782E+13
        58.25798      1.860935E+13
        58.32732      1.889122E+13
        58.39665      1.906587E+13
        58.46599      1.909645E+13
        58.53533      1.900704E+13
        58.60466      1.889446E+13
        58.66014      1.881454E+13
        58.72947      1.873702E+13
        58.79881      1.877826E+13
        58.85428      1.892282E+13
        58.92362      1.959710E+13
        58.97909      2.003215E+13
        59.04843      2.090397E+13
        59.10390      2.179213E+13
        59.15937      2.290593E+13
        59.21484      2.416201E+13
        59.27031      2.562598E+13
        59.32579      2.731226E+13
        59.38125      2.856153E+13
        59.43673      2.923464E+13
        59.49220      2.869757E+13
        59.53380      2.687406E+13
        59.57541      2.539010E+13
        59.63087      2.251742E+13
        59.67248      2.109797E+13
        59.71408      1.928928E+13
        59.74181      1.884391E+13
        59.78342      2.079601E+13
        59.81115      2.317567E+13
        59.85275      2.712306E+13
        59.88049      2.640397E+13
        59.90823      2.004106E+13
        59.93596      1.097436E+13
        59.96370      6.599034E+12
        60.00530      5.121607E+12
        60.03304      5.365893E+12
        60.07464      5.897585E+12
        60.10237      6.157679E+12
        60.14397      5.940431E+12
        60.18558      5.626127E+12
        60.24105      5.272693E+12
        60.28265      5.138869E+12
        60.32426      5.289737E+12
        60.37973      5.585931E+12
        60.43520      5.929761E+12
        60.49067      6.457461E+12
        60.54614      6.951018E+12
        60.60160      7.381714E+12
        60.65708      7.814983E+12
        60.71255      8.296658E+12
        60.76802      8.752966E+12
        60.83736      9.317149E+12
        60.89283      9.873931E+12
        60.96217      1.065079E+13
        61.01764      1.123186E+13
        61.08698      1.182490E+13
        61.15631      1.232532E+13
        61.21178      1.270825E+13
        61.28112      1.315274E+13
        61.35046      1.349773E+13
        61.41980      1.374234E+13
        61.48914      1.391467E+13
        61.55848      1.398518E+13
        61.62781      1.392344E+13
        61.69715      1.377140E+13
        61.76649      1.359445E+13
        61.83583      1.343174E+13
        61.90517      1.330119E+13
        61.97450      1.319206E+13
        62.04384      1.306431E+13
        62.11318      1.290476E+13
        62.18252      1.278397E+13
        62.25186      1.280202E+13
        62.32120      1.299356E+13
        62.39053      1.332977E+13
        62.45987      1.376411E+13
        62.52921      1.425222E+13
        62.59855      1.563332E+13
        62.65402      1.610510E+13
        62.72335      1.677722E+13
        62.79270      1.749753E+13
        62.84816      1.803212E+13
        62.91750      1.853390E+13
        62.97297      1.872876E+13
        63.04231      1.872937E+13
        63.09778      1.863105E+13
        63.15326      1.843298E+13
        63.20872      1.806108E+13
        63.26419      1.763338E+13
        63.31967      1.711531E+13
        63.37514      1.663119E+13
        63.43061      1.662013E+13
        63.48608      1.675826E+13
        63.52768      1.735395E+13
        63.56929      1.839473E+13
        63.62475      2.051361E+13
        63.66636      2.280919E+13
        63.70796      2.461739E+13
        63.73569      2.590882E+13
        63.77730      2.551488E+13
        63.80503      2.545530E+13
        63.84663      2.325144E+13
        63.87437      1.910186E+13
        63.90211      1.357900E+13
        63.92984      9.258386E+12
        63.95758      8.806020E+12
        63.99918      9.850177E+12
        64.02692      9.689451E+12
        64.06852      8.310317E+12
        64.09625      7.551346E+12
        64.13786      7.619054E+12
        64.17946      8.223342E+12
        64.23493      9.060323E+12
        64.27654      9.855716E+12
        64.31813      1.008890E+13
        64.37360      1.024929E+13
        64.42908      1.032386E+13
        64.48455      1.035449E+13
        64.54002      1.050820E+13
        64.59549      1.047198E+13
        64.65096      1.023949E+13
        64.70643      1.011491E+13
        64.76190      1.013666E+13
        64.83124      1.008359E+13
        64.88671      9.836024E+12
        64.95605      9.416701E+12
        65.01152      9.135151E+12
        65.08086      8.906929E+12
        65.15019      8.753423E+12
        65.20567      8.612075E+12
        65.27500      8.393552E+12
        65.34434      8.200327E+12
        65.41367      8.105531E+12
        65.48302      8.133632E+12
        65.55236      8.275158E+12
        65.62170      8.500279E+12
        65.69103      8.777360E+12
        65.76038      9.094757E+12
        65.82971      9.465366E+12
        65.89905      9.901765E+12
        65.96838      1.039154E+13
        66.03772      1.090796E+13
        66.10706      1.142920E+13
        66.17640      1.193479E+13
        66.24574      1.309704E+13
        66.31507      1.349747E+13
        66.38442      1.383894E+13
        66.45376      1.412713E+13
        66.52309      1.434516E+13
        66.59243      1.448909E+13
        66.64790      1.456959E+13
        66.71724      1.463187E+13
        66.78658      1.465674E+13
        66.84205      1.470768E+13
        66.91138      1.487034E+13
        66.96686      1.506041E+13
        67.03619      1.543785E+13
        67.09167      1.595827E+13
        67.14713      1.667101E+13
        67.20261      1.756542E+13
        67.25808      1.863077E+13
        67.31355      1.988991E+13
        67.36902      2.114892E+13
        67.42449      2.204642E+13
        67.47997      2.237805E+13
        67.52156      2.264713E+13
        67.56316      2.221181E+13
        67.61864      2.122090E+13
        67.66023      2.080813E+13
        67.70184      1.930862E+13
        67.72958      1.877550E+13
        67.77118      1.645069E+13
        67.79892      1.529201E+13
        67.84052      1.724681E+13
        67.86826      1.850277E+13
        67.89599      1.509845E+13
        67.92372      9.939100E+12
        67.95146      8.695018E+12
        67.99306      8.791620E+12
        68.02080      8.842758E+12
        68.06240      8.871294E+12
        68.09013      8.689788E+12
        68.13174      7.545408E+12
        68.17334      6.543080E+12
        68.22881      5.457680E+12
        68.27042      4.997793E+12
        68.31202      4.848595E+12
        68.36749      5.050274E+12
        68.42296      5.221282E+12
        68.47843      5.200282E+12
        68.53390      5.179029E+12
        68.58937      5.196389E+12
        68.64484      5.218472E+12
        68.70032      5.236419E+12
        68.75578      5.306598E+12
        68.82513      5.514200E+12
        68.88059      5.754654E+12
        68.94993      6.125763E+12
        69.00540      6.453891E+12
        69.07474      6.881541E+12
        69.14407      7.345489E+12
        69.19955      7.744013E+12
        69.26888      8.239670E+12
        69.33822      8.705384E+12
        69.40756      9.147980E+12
        69.47691      9.572309E+12
        69.54624      9.958986E+12
        69.61558      1.028560E+13
        69.68491      1.055037E+13
        69.75426      1.076465E+13
        69.82359      1.093284E+13
        69.89293      1.105891E+13
        69.96227      1.141357E+13
        70.03160      1.150567E+13
        70.10094      1.159890E+13
        70.17028      1.168127E+13
        70.23962      1.175374E+13
        70.30896      1.183390E+13
        70.37830      1.193747E+13
        70.44764      1.207950E+13
        70.51698      1.230030E+13
        70.58631      1.264000E+13
        70.64178      1.298441E+13
        70.71112      1.345428E+13
        70.78046      1.391507E+13
        70.83593      1.425359E+13
        70.90527      1.464053E+13
        70.96074      1.492602E+13
        71.03008      1.522318E+13
        71.08555      1.534453E+13
        71.14101      1.531605E+13
        71.19649      1.507825E+13
        71.25196      1.451939E+13
        71.30743      1.380569E+13
        71.36290      1.331574E+13
        71.41837      1.294202E+13
        71.47385      1.277377E+13
        71.51544      1.291722E+13
        71.55704      1.314921E+13
        71.61252      1.394015E+13
        71.65411      1.500873E+13
        71.69572      1.652421E+13
        71.72346      1.740266E+13
        71.76506      1.773811E+13
        71.79280      1.711603E+13
        71.83440      1.340177E+13
        71.86214      1.042239E+13
        71.88987      7.909465E+12
        71.91761      6.881552E+12
        71.94534      6.044708E+12
        71.98695      4.783080E+12
        72.01468      4.431251E+12
        72.05628      4.510096E+12
        72.08401      4.827546E+12
        72.12563      4.953736E+12
        72.16722      4.988558E+12
        72.22269      5.276519E+12
        72.26430      5.423315E+12
        72.30590      5.518495E+12
        72.36137      5.820185E+12
        72.41684      6.258705E+12
        72.47231      6.764960E+12
        72.52778      7.285150E+12
        72.58325      7.634741E+12
        72.63873      7.828862E+12
        72.69420      7.995057E+12
        72.74966      8.184471E+12
        72.81901      8.438286E+12
        72.87447      8.584214E+12
        72.94382      8.651734E+12
        72.99928      8.659856E+12
        73.06862      8.659647E+12
        73.13796      8.629491E+12
        73.19343      8.571447E+12
        73.26276      8.479205E+12
        73.33211      8.394801E+12
        73.40144      8.327138E+12
        73.47079      8.270578E+12
        73.54012      8.217356E+12
        73.60946      8.482085E+12
        73.67879      8.476584E+12
        73.74814      8.505882E+12
        73.81747      8.584383E+12
        73.88681      8.718394E+12
        73.95615      8.897728E+12
        74.02548      9.100040E+12
        74.09483      9.306011E+12
        74.16416      9.511458E+12
        74.23351      9.724704E+12
        74.30284      9.949221E+12
        74.37218      1.017373E+13
        74.44152      1.038132E+13
        74.51086      1.055394E+13
        74.58019      1.066905E+13
        74.63567      1.071223E+13
        74.70500      1.072382E+13
        74.77434      1.071907E+13
        74.82981      1.070647E+13
        74.89915      1.068256E+13
        74.95462      1.068802E+13
        75.02396      1.075020E+13
        75.07943      1.084532E+13
        75.13490      1.104963E+13
        75.19037      1.145645E+13
        75.24584      1.206309E+13
        75.30131      1.281041E+13
        75.35678      1.372908E+13
        75.41225      1.472188E+13
        75.46773      1.571208E+13
        75.50932      1.615536E+13
        75.55093      1.631981E+13
        75.60640      1.653851E+13
        75.64800      1.537163E+13
        75.68961      1.442409E+13
        75.71735      1.419264E+13
        75.75894      1.299716E+13
        75.78668      1.337462E+13
        75.82828      1.544828E+13
        75.85602      1.513906E+13
        75.88375      1.074145E+13
        75.91149      7.415134E+12
        75.93922      7.084433E+12
        75.98083      6.652229E+12
        76.00856      6.425551E+12
        76.05016      7.212845E+12
        76.07790      8.024636E+12
        76.11951      8.061572E+12
        76.16110      7.736990E+12
        76.21658      7.115278E+12
        76.25818      6.886997E+12
        76.29978      6.773461E+12
        76.35526      6.610262E+12
        76.41072      6.394239E+12
        76.46619      6.115501E+12
        76.52166      5.890550E+12
        76.57713      5.732366E+12
        76.63261      5.628208E+12
        76.68808      5.547536E+12
        76.74355      5.445558E+12
        76.81289      5.291332E+12
        76.86835      5.198984E+12
        76.93770      5.160253E+12
        76.99316      5.182785E+12
        77.06251      5.261052E+12
        77.13184      5.379903E+12
        77.18731      5.493214E+12
        77.25665      5.647803E+12
        77.32599      6.378295E+12
        77.39532      6.571020E+12
        77.46467      6.791275E+12
        77.53400      7.035575E+12
        77.60334      7.287362E+12
        77.67268      7.529372E+12
        77.74202      7.753273E+12
        77.81136      7.955736E+12
        77.88069      8.132572E+12
        77.95003      8.282208E+12
        78.01936      8.412291E+12
        78.08871      8.536399E+12
        78.15805      8.663468E+12
        78.22739      8.793710E+12
        78.29672      8.927463E+12
        78.36607      9.074704E+12
        78.43540      9.247313E+12
        78.50474      9.445029E+12
        78.57407      9.665550E+12
        78.62955      9.869135E+12
        78.69888      1.017521E+13
        78.76822      1.053285E+13
        78.82369      1.083993E+13
        78.89303      1.124269E+13
        78.94850      1.157550E+13
        79.01784      1.197732E+13
        79.07331      1.226781E+13
        79.12878      1.248607E+13
        79.18425      1.256633E+13
        79.23972      1.250990E+13
        79.29519      1.242327E+13
        79.35066      1.228363E+13
        79.40614      1.205296E+13
        79.46161      1.179364E+13
        79.50320      1.151692E+13
        79.54481      1.120259E+13
        79.60028      1.079576E+13
        79.64188      1.097297E+13
        79.68349      1.187110E+13
        79.71123      1.222668E+13
        79.75282      1.283288E+13
        79.78056      1.268936E+13
        79.82216      1.112280E+13
        79.84990      9.622232E+12
        79.87763      7.263818E+12
        79.90537      6.200920E+12
        79.93311      6.055762E+12
        79.97471      4.977046E+12
        80.00244      4.232248E+12
        80.04404      3.541011E+12
        80.07178      3.370761E+12
        80.11339      3.128679E+12
        80.15499      3.015346E+12
        80.21046      3.009632E+12
        80.25206      3.032029E+12
        80.29366      3.094389E+12
        80.34914      3.302685E+12
        80.40460      3.486337E+12
        80.46008      3.667133E+12
        80.51554      3.911651E+12
        80.57101      4.165322E+12
        80.62649      4.392750E+12
        80.68196      4.609293E+12
        80.73743      4.840692E+12
        80.80677      5.150127E+12
        80.86224      5.381903E+12
        80.93158      5.614922E+12
        80.98705      6.184197E+12
        81.05639      6.340436E+12
        81.12572      6.500897E+12
        81.18120      6.625997E+12
        81.25053      6.761550E+12
        81.31987      6.861752E+12
        81.38921      6.925377E+12
        81.45855      6.961428E+12
        81.52789      6.985664E+12
        81.59722      7.017196E+12
        81.66656      7.071538E+12
        81.73590      7.153291E+12
        81.80524      7.255486E+12
        81.87457      7.365377E+12
        81.94391      7.471819E+12
        82.01324      7.570281E+12
        82.08260      7.663634E+12
        82.15193      7.760046E+12
        82.22127      7.870269E+12
        82.29060      8.002745E+12
        82.35995      8.155637E+12
        82.42928      8.312239E+12
        82.49862      8.446417E+12
        82.56796      8.534862E+12
        82.62343      8.565359E+12
        82.69276      8.556669E+12
        82.76210      8.510498E+12
        82.81757      8.462615E+12
        82.88691      8.397401E+12
        82.94238      8.321157E+12
        83.01172      8.177683E+12
        83.06719      8.070172E+12
        83.12267      8.022812E+12
        83.17814      8.032929E+12
        83.23360      8.108259E+12
        83.28907      8.319223E+12
        83.34454      8.676645E+12
        83.40002      9.175326E+12
        83.45549      9.663695E+12
        83.49709      9.940457E+12
        83.53869      1.020119E+13
        83.59416      1.039571E+13
        83.63577      1.000962E+13
        83.67737      9.764652E+12
        83.70511      9.417866E+12
        83.74670      9.101731E+12
        83.77444      9.298455E+12
        83.81604      9.344248E+12
        83.84378      9.532788E+12
        83.87151      8.130558E+12
        83.89925      5.573384E+12
        83.92699      4.280760E+12
        83.96859      4.244780E+12
        83.99632      4.286037E+12
        84.03793      4.656496E+12
        84.06566      4.976200E+12
        84.10727      5.276748E+12
        84.14887      5.195140E+12
        84.20434      5.098851E+12
        84.24594      5.078938E+12
        84.28754      5.112979E+12
        84.34302      5.191132E+12
        84.39849      5.392131E+12
        84.45396      5.553348E+12
        84.50942      5.570588E+12
        84.56490      5.519784E+12
        84.62037      5.485004E+12
        84.67584      5.606793E+12
        84.73132      5.567743E+12
        84.80065      5.478045E+12
        84.85612      5.398531E+12
        84.92546      5.325171E+12
        84.98093      5.292684E+12
        85.05027      5.273974E+12
        85.11961      5.265887E+12
        85.17508      5.264089E+12
        85.24442      5.274077E+12
        85.31375      5.305594E+12
        85.38309      5.361101E+12
        85.45243      5.438845E+12
        85.52177      5.534057E+12
        85.59110      5.636777E+12
        85.66044      5.734504E+12
        85.72978      5.819189E+12
        85.79912      5.891502E+12
        85.86845      5.958385E+12
        85.93779      6.026518E+12
        86.00713      6.097932E+12
        86.07648      6.171005E+12
        86.14581      6.244149E+12
        86.21515      6.316726E+12
        86.28448      6.386400E+12
        86.35383      6.450094E+12
        86.42316      6.510793E+12
        86.49250      6.582013E+12
        86.56184      6.680580E+12
        86.61731      6.784520E+12
        86.68665      6.943487E+12
        86.75598      7.137013E+12
        86.81145      7.326609E+12
        86.88079      7.610738E+12
        86.93626      7.870002E+12
        87.00560      8.240806E+12
        87.06107      8.568104E+12
        87.11655      8.887745E+12
        87.17202      9.175214E+12
        87.22749      9.419727E+12
        87.28295      9.571257E+12
        87.33842      9.618576E+12
        87.39390      9.632794E+12
        87.44937      9.488234E+12
        87.49097      9.232159E+12
        87.53257      9.106636E+12
        87.58804      9.189350E+12
        87.62965      9.249492E+12
        87.67125      9.249530E+12
        87.69899      9.479088E+12
        87.74059      1.009700E+13
        87.76833      1.021832E+13
        87.80993      9.605004E+12
        87.83766      8.233895E+12
        87.86539      6.619733E+12
        87.89314      6.352622E+12
        87.92087      6.450901E+12
        87.96247      6.088654E+12
        87.99020      5.553582E+12
        88.03181      4.822889E+12
        88.05954      4.435901E+12
        88.10115      3.840325E+12
        88.14275      3.468755E+12
        88.19823      3.163011E+12
        88.23982      3.090605E+12
        88.28143      3.095384E+12
        88.33690      3.415660E+12
        88.39237      3.491507E+12
        88.44784      3.503325E+12
        88.50330      3.505449E+12
        88.55878      3.533911E+12
        88.61425      3.583398E+12
        88.66972      3.648867E+12
        88.72520      3.728286E+12
        88.79453      3.848859E+12
        88.85001      3.959010E+12
        88.91934      4.099841E+12
        88.97482      4.206003E+12
        89.04415      4.326371E+12
        89.11349      4.439413E+12
        89.16896      4.530374E+12
        89.23830      4.644669E+12
        89.30763      4.752703E+12
        89.37697      4.850670E+12
        89.44631      4.942121E+12
        89.51565      5.031140E+12
        89.58498      5.118909E+12
        89.65432      5.205819E+12
        89.72366      5.293325E+12
        89.79300      5.383689E+12
        89.86234      5.478611E+12
        89.93167      5.578565E+12
        90.00101      5.683864E+12
        90.07036      5.796680E+12
        90.13969      5.921371E+12
        90.20903      6.061385E+12
        90.27837      6.215448E+12
        90.34771      6.377700E+12
        90.41705      6.540008E+12
        90.48638      6.693103E+12
        90.55572      6.826952E+12
        90.61119      6.914821E+12
        90.68053      7.000126E+12
        90.74986      7.066488E+12
        90.80534      7.111288E+12
        90.87467      7.151743E+12
        90.93015      7.162596E+12
        90.99948      7.137044E+12
        91.05495      7.063917E+12
        91.11043      6.918933E+12
        91.16590      6.736545E+12
        91.22137      6.615044E+12
        91.27683      6.604632E+12
        91.33231      6.709537E+12
        91.38778      6.963105E+12
        91.44325      7.297418E+12
        91.48486      7.498626E+12
        91.52645      7.608616E+12
        91.58192      7.559167E+12
        91.62353      7.449596E+12
        91.66513      7.137275E+12
        91.69287      6.517545E+12
        91.73447      6.043201E+12
        91.76221      6.068011E+12
        91.80381      6.189026E+12
        91.83154      5.898409E+12
        91.85928      4.451447E+12
        91.88702      2.934939E+12
        91.91475      2.391891E+12
        91.95635      2.464798E+12
        91.98409      2.719176E+12
        92.02569      2.899097E+12
        92.05342      2.729284E+12
        92.09503      2.756186E+12
        92.13663      2.976342E+12
        92.19211      3.160144E+12
        92.23370      3.278163E+12
        92.27531      3.375500E+12
        92.33078      3.471506E+12
        92.38625      3.611104E+12
        92.44172      3.809016E+12
        92.49718      3.990177E+12
        92.55266      4.086143E+12
        92.60813      4.112573E+12
        92.66360      4.129860E+12
        92.71908      4.169059E+12
        92.78841      4.238173E+12
        92.84389      4.287370E+12
        92.91322      4.321862E+12
        92.96870      4.332255E+12
        93.03803      4.340770E+12
        93.10737      4.354610E+12
        93.16284      4.370544E+12
        93.23218      4.397561E+12
        93.30151      4.436258E+12
        93.37085      4.488023E+12
        93.44019      4.548464E+12
        93.50953      4.610675E+12
        93.57887      4.669751E+12
        93.64820      4.724138E+12
        93.71754      4.773856E+12
        93.78688      4.818601E+12
        93.85622      4.857899E+12
        93.92556      4.892379E+12
        93.99490      4.923966E+12
        94.06424      4.954213E+12
        94.13358      4.982229E+12
        94.20291      5.004587E+12
        94.27225      5.017550E+12
        94.34159      5.019815E+12
        94.41093      5.013636E+12
        94.48026      5.003362E+12
        94.54960      4.993980E+12
        94.60507      4.991487E+12
        94.67441      5.002520E+12
        94.74374      5.035243E+12
        94.79922      5.074231E+12
        94.86855      5.133805E+12
        94.92403      5.195858E+12
        94.99336      5.305602E+12
        95.04884      5.425182E+12
        95.10431      5.573955E+12
        95.15978      5.746972E+12
        95.21526      5.928544E+12
        95.27071      6.092183E+12
        95.32619      6.219681E+12
        95.38166      6.270687E+12
        95.43713      6.255025E+12
        95.47874      6.312184E+12
        95.52033      6.448219E+12
        95.57581      6.554081E+12
        95.61741      6.846212E+12
        95.65901      7.247469E+12
        95.68675      7.472394E+12
        95.72836      7.623605E+12
        95.75609      7.523948E+12
        95.79769      7.151187E+12
        95.82542      6.341946E+12
        95.85316      5.311958E+12
        95.88090      4.864055E+12
        95.90863      4.643419E+12
        95.95023      4.047437E+12
        95.97797      3.957660E+12
        96.01957      3.866503E+12
        96.04731      3.844769E+12
        96.08891      3.900901E+12
        96.13052      3.817430E+12
        96.18599      3.542212E+12
        96.22758      3.400278E+12
        96.26919      3.353546E+12
        96.32466      3.369937E+12
        96.38013      3.403906E+12
        96.43561      3.407533E+12
        96.49107      3.375436E+12
        96.54654      3.328649E+12
        96.60201      3.287108E+12
        96.65749      3.261549E+12
        96.71296      3.258922E+12
        96.78230      3.283129E+12
        96.83777      3.312092E+12
        96.90710      3.349271E+12
        96.96258      3.377879E+12
        97.03191      3.412078E+12
        97.10125      3.443659E+12
        97.15672      3.468328E+12
        97.22606      3.502755E+12
        97.29539      3.542746E+12
        97.36473      3.584672E+12
        97.43407      3.623777E+12
        97.50341      3.658503E+12
        97.57275      3.690598E+12
        97.64208      3.723070E+12
        97.71143      3.758404E+12
        97.78076      3.798075E+12
        97.85011      3.843374E+12
        97.91944      3.896118E+12
        97.98878      3.958249E+12
        98.05812      4.030506E+12
        98.12746      4.111782E+12
        98.19679      4.200234E+12
        98.26613      4.295165E+12
        98.33547      4.397891E+12
        98.40481      4.510502E+12
        98.47414      4.633662E+12
        98.54348      4.765062E+12
        98.59895      4.873329E+12
        98.66829      5.010046E+12
        98.73763      5.145885E+12
        98.79310      5.250454E+12
        98.86243      5.370844E+12
        98.91791      5.455520E+12
        98.98724      5.540388E+12
        99.04272      5.587359E+12
        99.09819      5.619684E+12
        99.15366      5.640812E+12
        99.20914      5.638746E+12
        99.26460      5.634118E+12
        99.32007      5.715342E+12
        99.37554      6.024137E+12
        99.43102      6.336197E+12
        99.47262      6.565994E+12
        99.51421      6.779443E+12
        99.56969      6.874638E+12
        99.61129      6.749112E+12
        99.65290      6.219041E+12
        99.68063      5.682182E+12
        99.72224      4.918197E+12
        99.74997      4.321039E+12
        99.79157      3.768727E+12
        99.81931      3.557375E+12
        99.84705      3.199511E+12
        99.87478      2.928538E+12
        99.90251      2.648484E+12
        99.94411      2.338493E+12
        99.97186      2.278679E+12
        100.0135      2.235832E+12
        100.0412      2.234272E+12
        100.0828      2.217412E+12
        100.1244      2.241152E+12
        100.1799      2.400098E+12
        100.2215      2.485332E+12
        100.2631      2.498487E+12
        100.3185      2.488258E+12
        100.3740      2.495709E+12
        100.4295      2.524621E+12
        100.4849      2.576390E+12
        100.5404      2.639812E+12
        100.5959      2.701510E+12
        100.6514      2.753420E+12
        100.7068      2.794011E+12
        100.7762      2.839635E+12
        100.8316      2.881104E+12
        100.9010      2.941161E+12
        100.9565      2.989996E+12
        101.0258      3.043651E+12
        101.0951      3.088785E+12
        101.1506      3.122850E+12
        101.2199      3.167663E+12
        101.2893      3.217844E+12
        101.3586      3.275070E+12
        101.4280      3.339982E+12
        101.4973      3.411765E+12
        101.5666      3.487986E+12
        101.6360      3.564979E+12
        101.7053      3.639068E+12
        101.7747      3.707778E+12
        101.8440      3.770468E+12
