    undulator A at 12 keV FHE  
    _________________________  
                               
              E            flux
  _____________   _____________
                               
        1.00000     8.24653E+10
        1.06250     8.87731E+10
        1.14583     8.17455E+10
        1.20833     9.27314E+10
        1.29167     8.40802E+10
        1.35417     9.39274E+10
        1.43750     8.94776E+10
        1.50000     9.39212E+10
        1.58333     9.65205E+10
        1.66667     9.83012E+10
        1.75000     1.01006E+11
        1.83333     1.03057E+11
        1.91667     1.05923E+11
        2.00000     1.08264E+11
        2.08333     1.11344E+11
        2.16667     1.14017E+11
        2.25000     1.17391E+11
        2.33333     1.20482E+11
        2.41667     1.24336E+11
        2.52083     1.31553E+11
        2.60417     1.32097E+11
        2.68750     1.53814E+11
        2.79167     2.28990E+11
        2.87500     3.28670E+11
        2.97917     4.75891E+11
        3.06250     6.47206E+11
        3.16667     8.82502E+11
        3.25000     1.00943E+12
        3.35417     1.21330E+12
        3.45833     1.35880E+12
        3.54167     1.56902E+12
        3.64583     1.79053E+12
        3.75000     2.03426E+12
        3.83333     2.27629E+12
        3.93750     2.54697E+12
        4.04167     2.77897E+12
        4.14583     3.14717E+12
        4.25000     3.52160E+12
        4.33333     3.79938E+12
        4.43750     4.14167E+12
        4.54167     4.48901E+12
        4.64583     4.87253E+12
        4.75000     5.30028E+12
        4.85417     5.81511E+12
        4.95833     6.28638E+12
        5.06250     6.89233E+12
        5.16667     7.56232E+12
        5.27083     8.10999E+12
        5.37500     8.89520E+12
        5.47917     9.91636E+12
        5.58333     1.07611E+13
        5.68750     1.15410E+13
        5.79167     1.26952E+13
        5.89583     1.42367E+13
        6.00000     1.58080E+13
        6.10417     1.72598E+13
        6.20833     1.87487E+13
        6.31250     2.04722E+13
        6.41667     2.25872E+13
        6.52083     2.50872E+13
        6.62500     2.79705E+13
        6.72917     3.13256E+13
        6.83333     3.51466E+13
        6.93750     3.95739E+13
        7.04167     4.46145E+13
        7.14583     5.11019E+13
        7.25000     5.73552E+13
        7.35417     6.32634E+13
        7.45833     7.33005E+13
        7.56250     7.95801E+13
        7.66667     8.21243E+13
        7.75000     9.39318E+13
        7.85417     9.24141E+13
        7.95833     9.77628E+13
        8.06250     1.07744E+14
        8.16667     1.01710E+14
        8.25000     1.11964E+14
        8.35417     1.11200E+14
        8.45833     1.08676E+14
        8.54167     1.21041E+14
        8.64583     1.13561E+14
        8.75000     1.24080E+14
        8.83333     1.22675E+14
        8.93750     1.24359E+14
        9.02083     1.33673E+14
        9.12500     1.27785E+14
        9.20833     1.42555E+14
        9.31250     1.35774E+14
        9.39583     1.47180E+14
        9.47917     1.42816E+14
        9.58333     1.48662E+14
        9.66667     1.55651E+14
        9.75000     1.54341E+14
        9.83333     1.63231E+14
        9.91667     1.60469E+14
        10.0000     1.70744E+14
        10.0833     1.67684E+14
        10.1667     1.78100E+14
        10.2500     1.76032E+14
        10.3333     1.85569E+14
        10.4167     1.84847E+14
        10.5000     1.92968E+14
        10.5625     1.92331E+14
        10.6458     2.00362E+14
        10.7083     2.00853E+14
        10.7917     2.07563E+14
        10.8542     2.09325E+14
        10.9375     2.15240E+14
        11.0000     2.18329E+14
        11.0625     2.20964E+14
        11.1458     2.27589E+14
        11.2083     2.29484E+14
        11.2708     2.34085E+14
        11.3333     2.38491E+14
        11.3958     2.40550E+14
        11.4583     2.45812E+14
        11.5000     2.48235E+14
        11.5625     2.50830E+14
        11.6250     2.54376E+14
        11.6667     2.58429E+14
        11.7292     2.58406E+14
        11.7708     2.59315E+14
        11.8333     2.63412E+14
        11.8750     2.62974E+14
        11.9167     2.47608E+14
        11.9583     2.07504E+14
        12.0000     1.46274E+14
        12.0417     7.96432E+13
        12.0833     3.52405E+13
        12.1250     2.05422E+13
        12.1667     2.00767E+13
        12.2292     1.74357E+13
        12.2708     1.24427E+13
        12.3333     1.46695E+13
        12.3750     1.56305E+13
        12.4375     1.07362E+13
        12.5000     1.13496E+13
        12.5417     1.38129E+13
        12.6042     1.17276E+13
        12.6667     1.02561E+13
        12.7292     1.36429E+13
        12.7917     1.13972E+13
        12.8542     1.05292E+13
        12.9375     1.48305E+13
        13.0000     1.00887E+13
        13.0625     1.20957E+13
        13.1458     1.46811E+13
        13.2083     1.14095E+13
        13.2917     1.46234E+13
        13.3542     1.43025E+13
        13.4375     1.33315E+13
        13.5000     1.54075E+13
        13.5833     1.36164E+13
        13.6667     1.53158E+13
        13.7500     1.65939E+13
        13.8333     1.40900E+13
        13.9167     1.85695E+13
        14.0000     1.53112E+13
        14.0833     1.81800E+13
        14.1667     1.80170E+13
        14.2500     1.64679E+13
        14.3333     2.24415E+13
        14.4167     1.62152E+13
        14.5208     2.10676E+13
        14.6042     2.19931E+13
        14.6875     1.85271E+13
        14.7917     2.22201E+13
        14.8750     2.17115E+13
        14.9792     2.45087E+13
        15.0625     2.02893E+13
        15.1667     2.68877E+13
        15.2500     2.46161E+13
        15.3542     2.30410E+13
        15.4583     2.66589E+13
        15.5417     2.56422E+13
        15.6458     2.66013E+13
        15.7500     2.47000E+13
        15.8333     3.12748E+13
        15.9375     2.47975E+13
        16.0417     2.84802E+13
        16.1458     3.05446E+13
        16.2500     2.85324E+13
        16.3333     2.96091E+13
        16.4375     3.03582E+13
        16.5417     3.27801E+13
        16.6458     2.71851E+13
        16.7500     3.49765E+13
        16.8542     3.10571E+13
        16.9583     3.21834E+13
        17.0625     3.28945E+13
        17.1667     3.48984E+13
        17.2708     3.26485E+13
        17.3750     3.36110E+13
        17.4792     3.81895E+13
        17.5833     3.13434E+13
        17.6875     3.77957E+13
        17.7917     3.64046E+13
        17.8958     3.60873E+13
        18.0000     3.56387E+13
        18.1042     4.03136E+13
        18.2083     3.60471E+13
        18.3125     3.68303E+13
        18.4167     4.19130E+13
        18.5208     3.65670E+13
        18.6250     3.93279E+13
        18.7292     4.01016E+13
        18.8333     4.15634E+13
        18.9375     3.63044E+13
        19.0417     4.40826E+13
        19.1458     4.03935E+13
        19.2500     3.84177E+13
        19.3542     4.38605E+13
        19.4583     4.17460E+13
        19.5625     3.94556E+13
        19.6667     4.22553E+13
        19.7500     4.68689E+13
        19.8542     3.68122E+13
        19.9583     4.40751E+13
        20.0625     4.35811E+13
        20.1667     4.05960E+13
        20.2500     4.14414E+13
        20.3542     4.49794E+13
        20.4583     3.99678E+13
        20.5417     3.93987E+13
        20.6458     4.68975E+13
        20.7500     3.78606E+13
        20.8333     4.05475E+13
        20.9375     4.38969E+13
        21.0208     4.17996E+13
        21.1250     3.75064E+13
        21.2083     4.33131E+13
        21.3125     3.94542E+13
        21.3958     3.61578E+13
        21.4792     4.37810E+13
        21.5833     3.76786E+13
        21.6667     3.59436E+13
        21.7500     3.86707E+13
        21.8333     4.07297E+13
        21.9167     3.42198E+13
        22.0000     3.67819E+13
        22.0833     3.72624E+13
        22.1667     3.26934E+13
        22.2500     3.47338E+13
        22.3333     3.59145E+13
        22.4167     3.05732E+13
        22.5000     3.36572E+13
        22.5625     3.21988E+13
        22.6458     2.70885E+13
        22.7083     3.08107E+13
        22.7917     3.07860E+13
        22.8542     2.69234E+13
        22.9375     2.72739E+13
        23.0000     2.45397E+13
        23.0625     2.30450E+13
        23.1458     2.54978E+13
        23.2083     2.24592E+13
        23.2708     2.15960E+13
        23.3333     2.23103E+13
        23.3958     1.90854E+13
        23.4583     1.74122E+13
        23.5000     1.69560E+13
        23.5625     1.67322E+13
        23.6250     1.40624E+13
        23.6667     1.35418E+13
        23.7292     1.55129E+13
        23.7708     1.53171E+13
        23.8333     1.19982E+13
        23.8750     8.42359E+12
        23.9167     6.61251E+12
        23.9583     7.62533E+12
        24.0000     8.62838E+12
        24.0417     7.21623E+12
        24.0833     6.33963E+12
        24.1250     8.17103E+12
        24.1667     9.49781E+12
        24.2292     9.38551E+12
        24.2708     8.40943E+12
        24.3333     5.85069E+12
        24.3750     6.17726E+12
        24.4375     8.06306E+12
        24.5000     6.95978E+12
        24.5417     5.82558E+12
        24.6042     7.72840E+12
        24.6667     8.77319E+12
        24.7292     9.25962E+12
        24.7917     8.73633E+12
        24.8542     7.04814E+12
        24.9375     5.77793E+12
        25.0000     5.96506E+12
        25.0625     8.45211E+12
        25.1458     8.90311E+12
        25.2083     1.01457E+13
        25.2917     7.34091E+12
        25.3542     5.94770E+12
        25.4375     6.83956E+12
        25.5000     8.58395E+12
        25.5833     7.16910E+12
        25.6667     9.42397E+12
        25.7500     8.91796E+12
        25.8333     7.11161E+12
        25.9167     7.04513E+12
        26.0000     6.81499E+12
        26.0833     7.56722E+12
        26.1667     1.10496E+13
        26.2500     8.05199E+12
        26.3333     6.76672E+12
        26.4167     6.85107E+12
        26.5208     7.68588E+12
        26.6042     9.37154E+12
        26.6875     8.92791E+12
        26.7917     7.45157E+12
        26.8750     7.36250E+12
        26.9792     7.05645E+12
        27.0625     8.17048E+12
        27.1667     9.29837E+12
        27.2500     8.45925E+12
        27.3542     6.26302E+12
        27.4583     7.43717E+12
        27.5417     8.19004E+12
        27.6458     9.25885E+12
        27.7500     7.27723E+12
        27.8333     6.41717E+12
        27.9375     7.43686E+12
        28.0417     7.78490E+12
        28.1458     9.04697E+12
        28.2500     7.24418E+12
        28.3333     6.44400E+12
        28.4375     6.45836E+12
        28.5417     8.12484E+12
        28.6458     8.92438E+12
        28.7500     6.70986E+12
        28.8542     5.88173E+12
        28.9583     6.88618E+12
        29.0625     7.95714E+12
        29.1667     7.88851E+12
        29.2708     6.40312E+12
        29.3750     5.79676E+12
        29.4792     6.72973E+12
        29.5833     7.70648E+12
        29.6875     6.78366E+12
        29.7917     5.71909E+12
        29.8958     6.05524E+12
