    undulator B at 12 keV FHE  
    _________________________  
                               
              E            flux
  _____________   _____________
                               
        1.03333     1.44304E+11
        1.08333     1.61608E+11
        1.13333     1.57565E+11
        1.20000     1.59185E+11
        1.25000     1.67299E+11
        1.31667     1.58053E+11
        1.36667     1.73236E+11
        1.43333     1.60876E+11
        1.50000     1.77912E+11
        1.56667     1.66643E+11
        1.61667     1.80186E+11
        1.68333     1.73899E+11
        1.75000     1.85656E+11
        1.81667     1.79972E+11
        1.88333     1.91472E+11
        1.95000     1.86340E+11
        2.01667     1.97657E+11
        2.08333     1.93035E+11
        2.15000     2.04234E+11
        2.21667     2.00092E+11
        2.28333     2.11231E+11
        2.35000     2.07551E+11
        2.43333     2.21243E+11
        2.50000     2.14910E+11
        2.56667     2.29204E+11
        2.65000     2.25896E+11
        2.71667     2.37432E+11
        2.78333     2.34983E+11
        2.86667     2.44492E+11
        2.93333     2.49271E+11
        3.01667     2.52537E+11
        3.08333     2.64394E+11
        3.16667     2.63561E+11
        3.23333     2.78641E+11
        3.31667     2.78437E+11
        3.40000     2.89767E+11
        3.46667     2.96292E+11
        3.55000     3.01892E+11
        3.63333     3.18179E+11
        3.70000     3.17944E+11
        3.78333     3.37001E+11
        3.86667     3.44750E+11
        3.95000     3.53251E+11
        4.01667     3.67805E+11
        4.10000     3.75229E+11
        4.18333     3.97919E+11
        4.26667     4.05780E+11
        4.35000     4.18497E+11
        4.43333     4.50323E+11
        4.50000     4.75073E+11
        4.58333     5.35952E+11
        4.66667     7.67758E+11
        4.75000     1.23580E+12
        4.83333     2.06902E+12
        4.91667     3.18702E+12
        5.00000     4.34584E+12
        5.08333     5.63449E+12
        5.16667     6.92466E+12
        5.25000     8.27471E+12
        5.33333     9.61775E+12
        5.41667     1.09772E+13
        5.50000     1.24028E+13
        5.58333     1.39713E+13
        5.66667     1.58767E+13
        5.75000     1.81233E+13
        5.83333     2.03833E+13
        5.91667     2.16642E+13
        6.00000     2.19913E+13
        6.08333     2.19015E+13
        6.16667     2.37222E+13
        6.25000     2.86402E+13
        6.33333     3.41841E+13
        6.41667     3.59632E+13
        6.50000     3.33646E+13
        6.58333     3.32130E+13
        6.66667     4.12790E+13
        6.75000     5.12816E+13
        6.83333     5.24260E+13
        6.91667     4.80976E+13
        7.00000     5.43921E+13
        7.08333     6.90698E+13
        7.16667     7.37863E+13
        7.25000     6.94484E+13
        7.33333     8.03799E+13
        7.41667     9.81425E+13
        7.50000     1.01686E+14
        7.56667     1.04137E+14
        7.65000     1.29226E+14
        7.73333     1.31988E+14
        7.81667     1.43029E+14
        7.90000     1.66079E+14
        7.98333     1.90000E+14
        8.05000     1.89568E+14
        8.13333     2.15242E+14
        8.21667     2.33284E+14
        8.30000     2.20671E+14
        8.36667     2.78747E+14
        8.45000     2.30087E+14
        8.53333     2.87645E+14
        8.60000     2.61886E+14
        8.68333     2.85491E+14
        8.76667     2.77569E+14
        8.83333     2.80331E+14
        8.91667     3.03578E+14
        8.98333     2.82300E+14
        9.06667     3.30560E+14
        9.13333     2.94972E+14
        9.21667     3.43975E+14
        9.28333     3.19773E+14
        9.35000     3.14757E+14
        9.43333     3.55230E+14
        9.50000     3.17251E+14
        9.56667     3.65024E+14
        9.65000     3.34548E+14
        9.71667     3.63236E+14
        9.78333     3.89515E+14
        9.85000     3.47689E+14
        9.91667     4.04363E+14
        9.98333     3.86844E+14
        10.0500     3.78861E+14
        10.1167     4.37365E+14
        10.1833     3.76058E+14
        10.2500     4.46328E+14
        10.3167     4.18209E+14
        10.3833     4.25810E+14
        10.4333     4.74661E+14
        10.5000     4.17911E+14
        10.5667     4.82549E+14
        10.6333     4.53262E+14
        10.6833     4.55301E+14
        10.7500     5.04844E+14
        10.8000     4.68198E+14
        10.8667     5.14378E+14
        10.9167     5.11562E+14
        10.9667     4.94727E+14
        11.0333     5.38704E+14
        11.0833     5.18416E+14
        11.1333     5.40822E+14
        11.1833     5.49991E+14
        11.2333     5.45721E+14
        11.2833     5.65532E+14
        11.3333     5.69794E+14
        11.3833     5.71890E+14
        11.4333     5.86587E+14
        11.4833     5.94530E+14
        11.5333     5.96873E+14
        11.5667     6.05450E+14
        11.6167     6.13072E+14
        11.6667     6.19716E+14
        11.7000     6.29275E+14
        11.7500     6.26768E+14
        11.7833     6.32452E+14
        11.8167     6.35006E+14
        11.8667     6.41162E+14
        11.9000     6.36286E+14
        11.9333     6.04072E+14
        11.9667     5.05024E+14
        12.0000     3.47936E+14
        12.0333     1.95816E+14
        12.0667     1.00780E+14
        12.1000     5.48638E+13
        12.1333     4.24173E+13
        12.1833     4.37520E+13
        12.2167     4.09199E+13
        12.2500     3.93063E+13
        12.3000     3.91068E+13
        12.3333     3.06529E+13
        12.3833     2.72357E+13
        12.4333     3.78968E+13
        12.4667     4.36987E+13
        12.5167     2.32271E+13
        12.5667     3.18636E+13
        12.6167     3.03943E+13
        12.6667     4.21513E+13
        12.7167     2.97964E+13
        12.7667     2.44248E+13
        12.8167     3.48715E+13
        12.8667     4.80405E+13
        12.9167     2.87145E+13
        12.9667     3.00953E+13
        13.0333     3.63247E+13
        13.0833     5.29762E+13
        13.1333     2.97894E+13
        13.2000     3.54693E+13
        13.2500     4.50711E+13
        13.3167     4.35801E+13
        13.3667     3.33962E+13
        13.4333     3.77674E+13
        13.5000     6.48374E+13
        13.5667     2.81176E+13
        13.6167     4.15826E+13
        13.6833     5.56816E+13
        13.7500     5.57985E+13
        13.8167     3.54077E+13
        13.8833     5.62076E+13
        13.9500     6.37434E+13
        14.0167     4.40194E+13
        14.0833     5.44457E+13
        14.1500     7.34189E+13
        14.2167     4.95356E+13
        14.2833     5.30389E+13
        14.3500     7.81202E+13
        14.4333     5.83009E+13
        14.5000     5.63590E+13
        14.5667     7.59514E+13
        14.6500     7.13738E+13
        14.7167     6.50059E+13
        14.7833     8.00385E+13
        14.8667     8.16954E+13
        14.9333     6.85122E+13
        15.0167     9.47771E+13
        15.0833     1.02449E+14
        15.1667     7.05777E+13
        15.2333     8.77857E+13
        15.3167     1.12823E+14
        15.4000     8.25858E+13
        15.4667     9.38531E+13
        15.5500     1.09831E+14
        15.6333     9.78150E+13
        15.7000     1.05179E+14
        15.7833     1.29399E+14
        15.8667     8.71610E+13
        15.9500     1.24124E+14
        16.0167     1.34689E+14
        16.1000     1.16046E+14
        16.1833     1.06934E+14
        16.2667     1.48703E+14
        16.3500     1.14565E+14
        16.4333     1.39739E+14
        16.5000     1.37680E+14
        16.5833     1.25200E+14
        16.6667     1.30778E+14
        16.7500     1.73683E+14
        16.8333     1.21364E+14
        16.9167     1.35911E+14
        17.0000     1.66872E+14
        17.0833     1.46828E+14
        17.1667     1.49412E+14
        17.2500     1.57528E+14
        17.3333     1.45215E+14
        17.4167     1.64005E+14
        17.5000     1.86600E+14
        17.5833     1.30104E+14
        17.6667     1.64556E+14
        17.7500     1.88859E+14
        17.8333     1.68428E+14
        17.9167     1.49991E+14
        18.0000     1.86259E+14
        18.0833     1.65724E+14
        18.1667     1.91193E+14
        18.2500     1.79237E+14
        18.3333     1.55987E+14
        18.4167     1.86274E+14
        18.5000     2.16951E+14
        18.5833     1.62493E+14
        18.6667     1.71165E+14
        18.7500     2.08068E+14
        18.8333     1.88971E+14
        18.9167     1.97042E+14
        19.0000     1.88709E+14
        19.0833     1.79252E+14
        19.1667     2.06680E+14
        19.2500     2.29742E+14
        19.3333     1.61236E+14
        19.4167     1.98769E+14
        19.5000     2.25536E+14
        19.5667     2.12819E+14
        19.6500     1.90287E+14
        19.7333     2.05834E+14
        19.8167     1.98908E+14
        19.9000     2.32535E+14
        19.9833     2.10402E+14
        20.0500     1.72573E+14
        20.1333     2.13667E+14
        20.2167     2.53928E+14
        20.3000     1.91719E+14
        20.3667     1.77914E+14
        20.4500     2.27121E+14
        20.5333     2.19475E+14
        20.6000     2.33894E+14
        20.6833     2.00868E+14
        20.7667     1.83812E+14
        20.8333     2.34960E+14
        20.9167     2.40838E+14
        20.9833     1.68338E+14
        21.0667     2.09811E+14
        21.1333     2.39675E+14
        21.2167     2.14488E+14
        21.2833     2.06436E+14
        21.3500     1.89745E+14
        21.4333     2.07362E+14
        21.5000     2.42029E+14
        21.5667     2.23688E+14
        21.6500     1.64349E+14
        21.7167     2.22545E+14
        21.7833     2.19979E+14
        21.8500     1.84390E+14
        21.9167     1.99486E+14
        21.9833     1.98759E+14
        22.0500     2.03119E+14
        22.1167     2.12729E+14
        22.1833     1.66475E+14
        22.2500     1.84397E+14
        22.3167     2.14520E+14
        22.3833     1.78456E+14
        22.4333     1.39282E+14
        22.5000     1.92867E+14
        22.5667     2.08046E+14
        22.6333     1.77956E+14
        22.6833     1.47454E+14
        22.7500     1.48030E+14
        22.8000     1.87940E+14
        22.8667     1.47264E+14
        22.9167     1.35422E+14
        22.9667     1.80054E+14
        23.0333     1.62868E+14
        23.0833     1.46234E+14
        23.1333     1.20618E+14
        23.1833     1.34037E+14
        23.2333     1.48524E+14
        23.2833     1.35774E+14
        23.3333     1.24275E+14
        23.3833     1.15851E+14
        23.4333     1.18866E+14
        23.4833     1.24611E+14
        23.5333     1.07173E+14
        23.5667     1.13265E+14
        23.6167     1.14518E+14
        23.6667     1.07014E+14
        23.7000     1.06232E+14
        23.7500     7.89619E+13
        23.7833     7.17581E+13
        23.8167     6.37920E+13
        23.8667     5.96039E+13
        23.9000     8.08633E+13
        23.9333     9.30292E+13
        23.9667     7.75081E+13
        24.0000     6.36493E+13
        24.0333     7.14966E+13
        24.0667     9.00319E+13
        24.1000     8.64522E+13
        24.1333     6.39327E+13
        24.1833     6.01924E+13
        24.2167     5.26893E+13
        24.2500     4.10397E+13
        24.3000     5.35961E+13
        24.3333     6.00833E+13
        24.3833     8.53492E+13
        24.4333     7.89569E+13
        24.4667     5.71552E+13
        24.5167     5.17131E+13
        24.5667     7.73936E+13
        24.6167     1.06377E+14
        24.6667     6.41736E+13
        24.7167     5.17782E+13
        24.7667     7.15137E+13
        24.8167     6.35431E+13
        24.8667     5.93344E+13
        24.9167     7.09314E+13
        24.9667     5.58064E+13
        25.0333     7.01780E+13
        25.0833     1.16015E+14
        25.1333     1.03720E+14
        25.2000     6.25012E+13
        25.2500     5.28741E+13
        25.3167     6.59381E+13
        25.3667     6.82808E+13
        25.4333     6.56421E+13
        25.5000     7.95415E+13
        25.5667     9.09999E+13
        25.6167     8.69794E+13
        25.6833     7.96076E+13
        25.7500     7.57700E+13
        25.8167     7.02175E+13
        25.8833     7.01476E+13
        25.9500     6.64674E+13
        26.0167     6.94169E+13
        26.0833     8.73555E+13
        26.1500     8.76303E+13
        26.2167     1.10222E+14
        26.2833     7.63999E+13
        26.3500     5.51122E+13
        26.4333     6.58480E+13
        26.5000     7.89513E+13
        26.5667     8.41407E+13
        26.6500     9.33165E+13
        26.7167     1.05582E+14
        26.7833     7.41014E+13
        26.8667     5.97895E+13
        26.9333     8.32453E+13
        27.0167     8.52058E+13
        27.0833     6.99412E+13
        27.1667     8.68792E+13
        27.2333     1.09668E+14
        27.3167     7.43045E+13
        27.4000     7.91829E+13
        27.4667     7.26789E+13
        27.5500     7.39755E+13
        27.6333     8.24563E+13
        27.7000     1.01808E+14
        27.7833     9.94976E+13
        27.8667     7.27289E+13
        27.9500     6.76330E+13
        28.0167     6.69893E+13
        28.1000     8.90761E+13
        28.1833     9.38977E+13
        28.2667     9.48174E+13
        28.3500     8.83583E+13
        28.4333     7.40639E+13
        28.5000     6.30438E+13
        28.5833     7.52635E+13
        28.6667     8.28332E+13
        28.7500     9.98128E+13
        28.8333     1.05180E+14
        28.9167     7.57437E+13
        29.0000     6.08194E+13
        29.0833     6.99047E+13
        29.1667     8.05906E+13
        29.2500     9.67841E+13
        29.3333     9.94236E+13
        29.4167     7.86426E+13
        29.5000     7.20271E+13
        29.5833     7.30477E+13
        29.6667     6.91662E+13
        29.7500     8.46976E+13
        29.8333     9.59999E+13
        29.9167     7.88041E+13
        30.0000     7.12571E+13
