X-RAY SOURCES

begin	APS	7.0	0.100	19500.	0.11	0.11

	1    BM
	2    WA_low	1.0	 9800.	0.31	0.09	2.4	57
	2    WA_high	1.0	32200.	0.31	0.09	7.9	57
	2    W-HB	0.3	10000.	0.31	0.09	2.15	55
	3    WA-U	0.026	 9450.	0.31	0.09	2.4	57
	3    UA_1.15	0.266	23600.	0.31	0.09	2.230	145
	3    UA_1.55	0.199	15650.	0.31	0.09	1.480	145
	3    UA_2.00	0.155	10200.	0.31	0.09	0.965	145
	3    UA_4.00	0.112	 1520.	0.31	0.09	0.144	145

end

begin	NSLS	2.5	0.250	5100.	0.3	0.1

	1    X26C	4.
	1    X19C	2.
	2    X17	40.8	24900.	0.3	0.02	99.	6
	2    X25	1.	 4600	0.41	0.019	12.3	27
end

begin	SSRL	3.0	.100	 4700.	2.0	0.3

	1    BM
	2    54-pole	2.8	 7160.	2.5	0.15	8.	54

end

begin	CHESS	5.5	.100	11500.	1.4	1.0

	1    BM
	2    WEST	8.4	27900.	1.9	1.21	45.	6	

end
