 flux tru 1.5x0.5 mm ap., at 28m, 
 ________________________________ 
                                  
          energy              flux
  ______________    ______________
                                  
       0.0000000       0.009183392
      0.02209743      1.852843E+10
      0.04419487      5.187846E+08
      0.07734102      6.504337E+09
      0.09943845      1.346135E+10
       0.1325846      3.147531E+09
       0.1546820      1.643889E+10
       0.1878282      1.491755E+10
       0.2209743      5.473028E+09
       0.2651692      6.388704E+09
       0.2983153      6.452317E+09
       0.3314615      1.511624E+10
       0.3756564      1.509704E+10
       0.4198512      1.515154E+10
       0.4640461      1.526698E+10
       0.5082410      1.543528E+10
       0.5524359      1.565084E+10
       0.5966307      1.591037E+10
       0.6408256      1.621099E+10
       0.6850204      1.655182E+10
       0.7402641      1.127907E+10
       0.7844589      1.189777E+10
       0.8397025      1.497799E+10
       0.8838974      1.569310E+10
       0.9391410      2.160027E+10
       0.9943845      2.009237E+10
        1.038579      2.078339E+10
        1.093823      1.726661E+10
        1.149067      2.075305E+10
        1.204310      2.617384E+10
        1.259554      2.515733E+10
        1.314797      2.266447E+10
        1.370041      2.653099E+10
        1.425284      3.197733E+10
        1.480528      3.163913E+10
        1.535772      3.020535E+10
        1.591015      3.480440E+10
        1.646259      4.091057E+10
        1.701502      4.159549E+10
        1.756746      4.143915E+10
        1.811990      4.756095E+10
        1.867233      5.547793E+10
        1.922477      5.791535E+10
        1.977720      5.973934E+10
        2.032964      6.920350E+10
        2.088207      8.154709E+10
        2.143451      8.871751E+10
        2.187646      9.996155E+10
        2.242889      1.122835E+11
        2.298133      1.432475E+11
        2.342328      1.748649E+11
        2.397572      2.446020E+11
        2.441767      3.229590E+11
        2.497010      4.706172E+11
        2.541205      6.691528E+11
        2.585400      9.711506E+11
        2.629595      1.429279E+12
        2.673790      2.121503E+12
        2.717984      3.163231E+12
        2.762179      4.726006E+12
        2.806374      7.066898E+12
        2.850569      1.057818E+13
        2.883715      1.440627E+13
        2.916861      1.947592E+13
        2.961056      2.958432E+13
        2.994202      4.082449E+13
        3.027349      5.773878E+13
        3.049446      7.335432E+13
        3.082592      1.069365E+14
        3.104690      1.428865E+14
        3.137836      2.187844E+14
        3.159933      2.772156E+14
        3.182030      1.821726E+14
        3.204128      3.560439E+13
        3.226225      1.007996E+13
        3.259372      3.975384E+12
        3.281469      4.088893E+12
        3.314615      2.109008E+12
        3.336713      1.772959E+12
        3.369859      1.418840E+12
        3.403005      9.337647E+11
        3.447200      6.916554E+11
        3.480346      5.241157E+11
        3.513492      4.921107E+11
        3.557687      3.970680E+11
        3.601882      3.281586E+11
        3.646077      2.766957E+11
        3.690271      2.371808E+11
        3.734467      2.061640E+11
        3.778661      1.814977E+11
        3.822856      1.616129E+11
        3.867051      1.453213E+11
        3.922295      1.265200E+11
        3.966489      1.165264E+11
        4.021733      1.068531E+11
        4.065928      9.976399E+10
        4.121171      9.286214E+10
        4.176415      8.678223E+10
        4.220610      8.325215E+10
        4.275854      8.202899E+10
        4.331097      8.779894E+10
        4.386341      9.214577E+10
        4.441584      9.980977E+10
        4.496828      1.118371E+11
        4.552072      1.288766E+11
        4.607315      1.530979E+11
        4.662559      1.876982E+11
        4.717802      2.358921E+11
        4.773046      3.012069E+11
        4.828290      3.865859E+11
        4.883533      4.974242E+11
        4.938776      6.406917E+11
        4.994020      8.302465E+11
        5.049263      1.080702E+12
        5.104507      1.405393E+12
        5.159751      1.811663E+12
        5.214994      2.309130E+12
        5.270238      2.930579E+12
        5.325482      3.721638E+12
        5.369677      4.483048E+12
        5.424920      5.658911E+12
        5.480164      7.062673E+12
        5.524359      8.386029E+12
        5.579602      1.032030E+13
        5.623797      1.214973E+13
        5.679040      1.480562E+13
        5.723236      1.723448E+13
        5.767430      1.995301E+13
        5.811625      2.296786E+13
        5.855820      2.627305E+13
        5.900015      2.984629E+13
        5.944210      3.363723E+13
        5.988405      3.755624E+13
        6.032599      4.143936E+13
        6.065745      4.417372E+13
        6.098892      4.661985E+13
        6.143086      4.903015E+13
        6.176233      4.980869E+13
        6.209379      4.919630E+13
        6.231476      4.768545E+13
        6.264622      4.317507E+13
        6.286720      3.821520E+13
        6.319866      2.683836E+13
        6.341963      1.605219E+13
        6.364061      5.999155E+12
        6.386158      1.896252E+12
        6.408256      1.274254E+12
        6.441402      7.980852E+11
        6.463500      6.526817E+11
        6.496646      5.224163E+11
        6.518743      4.307383E+11
        6.551889      3.830475E+11
        6.585035      3.134513E+11
        6.629230      2.951196E+11
        6.662376      2.449214E+11
        6.695523      2.617420E+11
        6.739717      2.190707E+11
        6.783912      2.313097E+11
        6.828107      2.385504E+11
        6.872302      2.189062E+11
        6.916497      2.651541E+11
        6.960691      2.608805E+11
        7.004886      2.854173E+11
        7.049081      3.343274E+11
        7.104325      3.611365E+11
        7.148520      4.050144E+11
        7.203763      4.827620E+11
        7.247959      5.362069E+11
        7.303202      6.232009E+11
        7.358445      7.308944E+11
        7.402640      8.325005E+11
        7.457884      9.791474E+11
        7.513128      1.137813E+12
        7.568371      1.303265E+12
        7.623614      1.508575E+12
        7.678858      1.772520E+12
        7.734102      2.054891E+12
        7.789346      2.319222E+12
        7.844589      2.604870E+12
        7.899832      2.974272E+12
        7.955076      3.412435E+12
        8.010320      3.841309E+12
        8.065563      4.227840E+12
        8.120807      4.624840E+12
        8.176050      5.094267E+12
        8.231294      5.624800E+12
        8.286538      6.142645E+12
        8.341782      6.582753E+12
        8.397024      6.931924E+12
        8.452269      7.211064E+12
        8.507512      7.433834E+12
        8.551707      7.627676E+12
        8.606951      7.722149E+12
        8.662194      7.643818E+12
        8.706389      7.435443E+12
        8.761633      6.991721E+12
        8.805827      6.446286E+12
        8.861072      5.699416E+12
        8.905266      4.991247E+12
        8.949461      4.292834E+12
        8.993655      3.667206E+12
        9.037850      3.240521E+12
        9.082046      3.139312E+12
        9.126240      3.807098E+12
        9.170435      5.457691E+12
        9.214629      8.993211E+12
        9.247776      1.311742E+13
        9.280922      1.924893E+13
        9.325117      3.162374E+13
        9.358263      4.473601E+13
        9.391409      6.288524E+13
        9.413507      7.823877E+13
        9.446652      1.061704E+14
        9.468750      1.302969E+14
        9.501897      1.708922E+14
        9.523993      1.882574E+14
        9.546091      1.158509E+14
        9.568189      2.489182E+13
        9.590286      8.021953E+12
        9.623432      3.703023E+12
        9.645530      3.162756E+12
        9.678677      2.199975E+12
        9.700773      2.156925E+12
        9.733919      1.404405E+12
        9.767066      1.316195E+12
        9.811260      1.287141E+12
        9.844407      9.742432E+11
        9.877553      1.285979E+12
        9.921748      1.001888E+12
        9.965942      1.197334E+12
        10.01014      1.123932E+12
        10.05433      1.185740E+12
        10.09853      1.258286E+12
        10.14272      1.236245E+12
        10.18692      1.377003E+12
        10.23111      1.342142E+12
        10.28636      1.477732E+12
        10.33055      1.515982E+12
        10.38579      1.600817E+12
        10.42999      1.662534E+12
        10.48523      1.731428E+12
        10.54048      1.767225E+12
        10.58467      1.847735E+12
        10.63991      1.834785E+12
        10.69516      1.924249E+12
        10.75040      1.903135E+12
        10.80564      1.894950E+12
        10.86089      1.911623E+12
        10.91613      1.793841E+12
        10.97138      1.760123E+12
        11.02662      1.651907E+12
        11.08186      1.498404E+12
        11.13711      1.396333E+12
        11.19235      1.219822E+12
        11.24759      1.060097E+12
        11.30284      9.288445E+11
        11.35808      7.969956E+11
        11.41332      7.218908E+11
        11.46857      7.317024E+11
        11.52381      8.369932E+11
        11.57905      1.104113E+12
        11.63430      1.566793E+12
        11.68954      2.299521E+12
        11.73374      3.112019E+12
        11.78898      4.479012E+12
        11.84422      6.364002E+12
        11.88842      8.266380E+12
        11.94366      1.114425E+13
        11.98786      1.410467E+13
        12.04310      1.849591E+13
        12.08730      2.261574E+13
        12.13149      2.717107E+13
        12.17569      3.242047E+13
        12.21988      3.854406E+13
        12.26408      4.486009E+13
        12.30827      5.128038E+13
        12.35247      5.820296E+13
        12.39666      6.450766E+13
        12.42981      6.873168E+13
        12.46295      7.262060E+13
        12.50715      7.553430E+13
        12.54029      7.564284E+13
        12.57344      7.351024E+13
        12.59554      7.050826E+13
        12.62868      6.196621E+13
        12.65078      5.344329E+13
        12.68393      3.655835E+13
        12.70602      2.210007E+13
        12.72812      9.105083E+12
        12.75022      3.173923E+12
        12.77232      2.074512E+12
        12.80546      1.629002E+12
        12.82756      1.700926E+12
        12.86071      1.284385E+12
        12.88280      9.303185E+11
        12.91595      9.314693E+11
        12.94910      1.186782E+12
        12.99329      7.739387E+11
        13.02644      6.943387E+11
        13.05958      8.684294E+11
        13.10378      7.098983E+11
        13.14797      6.115830E+11
        13.19217      6.562228E+11
        13.23636      5.366515E+11
        13.28056      5.328179E+11
        13.32475      4.773377E+11
        13.36895      4.284119E+11
        13.41314      4.107566E+11
        13.46839      3.537717E+11
        13.51258      3.415516E+11
        13.56782      3.260244E+11
        13.61202      3.166637E+11
        13.66726      3.453094E+11
        13.72251      3.887011E+11
        13.76670      4.514714E+11
        13.82195      5.679447E+11
        13.87719      7.325400E+11
        13.93243      9.548602E+11
        13.98768      1.243499E+12
        14.04292      1.608662E+12
        14.09816      2.068784E+12
        14.15341      2.601989E+12
        14.20865      3.294276E+12
        14.26389      4.015378E+12
        14.31914      4.983408E+12
        14.37438      5.932073E+12
        14.42962      7.169830E+12
        14.48487      8.404786E+12
        14.54011      9.845994E+12
        14.59536      1.142028E+13
        14.65060      1.295602E+13
        14.70584      1.482180E+13
        14.76109      1.642788E+13
        14.81633      1.823732E+13
        14.87157      2.004047E+13
        14.91577      2.110150E+13
        14.97101      2.278893E+13
        15.02626      2.382404E+13
        15.07045      2.442937E+13
        15.12569      2.514862E+13
        15.16989      2.478394E+13
        15.22513      2.427846E+13
        15.26933      2.376879E+13
        15.31352      2.215648E+13
        15.35772      2.063922E+13
        15.40191      1.904992E+13
        15.44611      1.689513E+13
        15.49030      1.500963E+13
        15.53450      1.383209E+13
        15.57869      1.369927E+13
        15.61184      1.471708E+13
        15.64498      1.717791E+13
        15.68918      2.361610E+13
        15.72232      3.169956E+13
        15.75547      4.349106E+13
        15.77757      5.383087E+13
        15.81071      7.358436E+13
        15.83281      9.032457E+13
        15.86596      1.189097E+14
        15.88806      1.297055E+14
        15.91015      8.105435E+13
        15.93225      1.945111E+13
        15.95435      5.984259E+12
        15.98749      2.933502E+12
        16.00959      2.330950E+12
        16.04274      1.611066E+12
        16.06483      1.468332E+12
        16.09798      1.402074E+12
        16.13113      1.211099E+12
        16.17532      1.075936E+12
        16.20847      1.221123E+12
        16.24161      1.308981E+12
        16.28581      1.238910E+12
        16.33000      1.477512E+12
        16.37420      1.670395E+12
        16.41839      1.709165E+12
        16.46259      2.053079E+12
        16.50678      2.288194E+12
        16.55098      2.461014E+12
        16.59517      2.835781E+12
        16.65042      3.188789E+12
        16.69461      3.571325E+12
        16.74986      3.962895E+12
        16.79405      4.410109E+12
        16.84929      4.927870E+12
        16.90454      5.404067E+12
        16.94873      5.995580E+12
        17.00397      6.350185E+12
        17.05922      7.121655E+12
        17.11446      7.495187E+12
        17.16971      8.173009E+12
        17.22495      8.588613E+12
        17.28019      9.087847E+12
        17.33544      9.486306E+12
        17.39068      9.774124E+12
        17.44592      1.005867E+13
        17.50117      1.011120E+13
        17.55641      1.019062E+13
        17.61165      9.987340E+12
        17.66690      9.795996E+12
        17.72214      9.332043E+12
        17.77739      8.850653E+12
        17.83263      8.161631E+12
        17.88787      7.439203E+12
        17.94312      6.635107E+12
        17.99836      5.811158E+12
        18.05360      5.110086E+12
        18.09780      4.594876E+12
        18.15304      4.245193E+12
        18.20829      4.226818E+12
        18.25248      4.640318E+12
        18.30772      5.713883E+12
        18.35192      7.189052E+12
        18.40716      9.971065E+12
        18.45136      1.309897E+13
        18.49555      1.695688E+13
        18.53975      2.173650E+13
        18.58394      2.748410E+13
        18.62814      3.435186E+13
        18.67233      4.147742E+13
        18.71653      4.915066E+13
        18.76072      5.790042E+13
        18.79387      6.392932E+13
        18.82701      6.843158E+13
        18.87121      7.355210E+13
        18.90435      7.600068E+13
        18.93750      7.636732E+13
        18.95960      7.344861E+13
        18.99274      6.481451E+13
        19.01484      5.679718E+13
        19.04799      4.009161E+13
        19.07009      2.543963E+13
        19.09218      1.318125E+13
        19.11428      7.174771E+12
        19.13638      3.935635E+12
        19.16952      3.107053E+12
        19.19162      3.414409E+12
        19.22477      4.334589E+12
        19.24686      5.489612E+12
        19.28001      4.188343E+12
        19.31316      2.966455E+12
        19.35735      3.858845E+12
        19.39050      5.083310E+12
        19.42364      4.738797E+12
        19.46784      3.715189E+12
        19.51204      4.515137E+12
        19.55623      4.975402E+12
        19.60042      4.562289E+12
        19.64462      4.613465E+12
        19.68881      4.930440E+12
        19.73301      4.868949E+12
        19.77720      4.858826E+12
        19.83245      4.791561E+12
        19.87664      4.788498E+12
        19.93188      4.768839E+12
        19.97608      4.494995E+12
        20.03132      4.455412E+12
        20.08657      4.223930E+12
        20.13076      3.923829E+12
        20.18601      3.794243E+12
        20.24125      3.418092E+12
        20.29649      3.129989E+12
        20.35174      2.859772E+12
        20.40698      2.533550E+12
        20.46222      2.344899E+12
        20.51747      2.128025E+12
        20.57271      2.043559E+12
        20.62795      2.091749E+12
        20.68320      2.228661E+12
        20.73844      2.560133E+12
        20.79369      3.124454E+12
        20.84893      3.888867E+12
        20.90417      4.894706E+12
        20.95942      6.219246E+12
        21.01466      7.856592E+12
        21.06990      9.723331E+12
        21.12515      1.192037E+13
        21.18039      1.445685E+13
        21.23563      1.713618E+13
        21.27983      1.944747E+13
        21.33507      2.240249E+13
        21.39032      2.546091E+13
        21.43451      2.768646E+13
        21.48975      3.041389E+13
        21.53395      3.216878E+13
        21.58919      3.395536E+13
        21.63339      3.502787E+13
        21.67758      3.510611E+13
        21.72178      3.482715E+13
        21.76597      3.345487E+13
        21.81017      3.265614E+13
        21.85436      2.993177E+13
        21.89856      2.667416E+13
        21.94275      2.471253E+13
        21.97590      2.362202E+13
        22.00904      2.344845E+13
        22.05324      2.326641E+13
        22.08639      2.593754E+13
        22.11953      3.229189E+13
        22.14163      3.906053E+13
        22.17477      5.353541E+13
        22.19687      6.487313E+13
        22.23002      8.463178E+13
        22.25212      9.263435E+13
        22.27421      6.016224E+13
        22.29631      1.741958E+13
        22.31841      6.795228E+12
        22.35155      5.562243E+12
        22.37365      3.998284E+12
        22.40680      2.194523E+12
        22.42890      2.057107E+12
        22.46204      2.277467E+12
        22.49519      2.670511E+12
        22.53938      2.208729E+12
        22.57253      1.582473E+12
        22.60567      1.430189E+12
        22.64987      1.728136E+12
        22.69407      1.664574E+12
        22.73826      1.355978E+12
        22.78245      1.173843E+12
        22.82665      1.233338E+12
        22.87084      1.284914E+12
        22.91504      1.247017E+12
        22.95923      1.226780E+12
        23.01448      1.326638E+12
        23.05867      1.500180E+12
        23.11391      1.714434E+12
        23.15811      1.946847E+12
        23.21335      2.347974E+12
        23.26860      2.812569E+12
        23.31279      3.243673E+12
        23.36804      3.934208E+12
        23.42328      4.677011E+12
        23.47852      5.513319E+12
        23.53377      6.441486E+12
        23.58901      7.440598E+12
        23.64425      8.591002E+12
        23.69950      9.640052E+12
        23.75474      1.077194E+13
        23.80998      1.200639E+13
        23.86523      1.307604E+13
        23.92047      1.411921E+13
        23.97572      1.506166E+13
        24.03096      1.591960E+13
        24.08620      1.655901E+13
        24.14145      1.690711E+13
        24.19669      1.715877E+13
        24.25193      1.707998E+13
        24.30718      1.669919E+13
        24.36242      1.602841E+13
        24.41766      1.517889E+13
        24.46186      1.433115E+13
        24.51710      1.303716E+13
        24.57235      1.180695E+13
        24.61654      1.106153E+13
        24.67179      1.015423E+13
        24.71598      9.657227E+12
        24.77122      9.750428E+12
        24.81542      1.037152E+13
        24.85961      1.178032E+13
        24.90381      1.418028E+13
        24.94800      1.760718E+13
        24.99220      2.208061E+13
        25.03639      2.745991E+13
        25.08059      3.409138E+13
        25.12478      4.165785E+13
        25.15793      4.753026E+13
        25.19107      5.361174E+13
        25.23527      5.999716E+13
        25.26842      6.320916E+13
        25.30156      6.454783E+13
        25.32366      6.346052E+13
        25.35681      5.866013E+13
        25.37890      5.244519E+13
        25.41205      3.711922E+13
        25.43415      2.364412E+13
        25.45624      1.098054E+13
        25.47834      4.503176E+12
        25.50044      2.835227E+12
        25.53358      2.645895E+12
        25.55568      2.159176E+12
        25.58883      2.183592E+12
        25.61092      2.383706E+12
        25.64407      2.777637E+12
        25.67722      3.455434E+12
        25.72141      3.204868E+12
        25.75456      2.851992E+12
        25.78771      2.994686E+12
        25.83190      3.824288E+12
        25.87609      4.447297E+12
        25.92029      4.591623E+12
        25.96449      4.838571E+12
        26.00868      5.328766E+12
        26.05287      5.701427E+12
        26.09707      6.195788E+12
        26.14126      6.709715E+12
        26.19651      7.070494E+12
        26.24070      7.411782E+12
        26.29595      8.091098E+12
        26.34014      8.322408E+12
        26.39539      8.518437E+12
        26.45063      9.044135E+12
        26.49482      9.185858E+12
        26.55007      9.126683E+12
        26.60531      9.297699E+12
        26.66055      9.222822E+12
        26.71580      8.958494E+12
        26.77104      8.752902E+12
        26.82628      8.336197E+12
        26.88153      7.834146E+12
        26.93677      7.348408E+12
        26.99202      6.740378E+12
        27.04726      6.114147E+12
        27.10250      5.554657E+12
        27.15775      5.016423E+12
        27.21299      4.592068E+12
        27.26823      4.341660E+12
        27.32348      4.278877E+12
        27.37872      4.511806E+12
        27.43396      5.058559E+12
        27.48921      5.975733E+12
        27.54445      7.330645E+12
        27.59969      9.118008E+12
        27.64389      1.087846E+13
        27.69913      1.384241E+13
        27.75438      1.682645E+13
        27.79857      1.949585E+13
        27.85382      2.295919E+13
        27.89801      2.579705E+13
        27.95325      2.926320E+13
        27.99745      3.168054E+13
        28.04164      3.388343E+13
        28.08584      3.527014E+13
        28.13003      3.645451E+13
        28.17423      3.612476E+13
        28.21842      3.552772E+13
        28.26262      3.343954E+13
        28.30681      3.145289E+13
        28.33996      2.981785E+13
        28.37311      2.752657E+13
        28.41730      2.482274E+13
        28.45045      2.447476E+13
        28.48359      2.722122E+13
        28.50569      3.098982E+13
        28.53884      4.076950E+13
        28.56093      4.996710E+13
        28.59408      6.324052E+13
        28.61618      6.787724E+13
        28.63827      4.615403E+13
        28.66037      1.647989E+13
        28.68247      7.868550E+12
        28.71561      7.085953E+12
        28.73771      8.527691E+12
        28.77086      8.274325E+12
        28.79296      6.230368E+12
        28.82610      4.331209E+12
        28.85925      4.383971E+12
        28.90344      5.861780E+12
        28.93659      6.685112E+12
        28.96974      6.188332E+12
        29.01393      5.190770E+12
        29.05813      4.942372E+12
        29.10232      5.366981E+12
        29.14651      5.160129E+12
        29.19071      4.887169E+12
        29.23491      4.641351E+12
        29.27910      4.371017E+12
        29.32329      4.059693E+12
        29.37854      3.845477E+12
        29.42273      3.628607E+12
        29.47798      3.165237E+12
        29.52217      2.907131E+12
        29.57742      2.727208E+12
        29.63266      2.504772E+12
        29.67686      2.346499E+12
        29.73210      2.289509E+12
        29.78734      2.356828E+12
        29.84258      2.529886E+12
        29.89783      2.839978E+12
        29.95307      3.302932E+12
        30.00831      3.934883E+12
        30.06356      4.744725E+12
        30.11880      5.718815E+12
        30.17405      6.837960E+12
        30.22929      8.083719E+12
        30.28453      9.482730E+12
        30.33978      1.101682E+13
        30.39502      1.255510E+13
        30.45026      1.407409E+13
        30.50551      1.559730E+13
        30.56075      1.707885E+13
        30.61599      1.838899E+13
        30.67124      1.938454E+13
        30.72648      2.014203E+13
        30.78172      2.073693E+13
        30.82592      2.091946E+13
        30.88116      2.067116E+13
        30.93641      2.003333E+13
        30.98060      1.934436E+13
        31.03585      1.834116E+13
        31.08004      1.742075E+13
        31.13528      1.625362E+13
        31.17948      1.562726E+13
        31.22367      1.525374E+13
        31.26787      1.543791E+13
        31.31206      1.622008E+13
        31.35626      1.841716E+13
        31.40045      2.174362E+13
        31.44465      2.585075E+13
        31.48884      3.069206E+13
        31.52199      3.494313E+13
        31.55514      4.038200E+13
        31.59933      4.774462E+13
        31.63248      5.282249E+13
        31.66562      5.465086E+13
        31.68772      5.398607E+13
        31.72087      5.087224E+13
        31.74296      4.605288E+13
        31.77611      3.393467E+13
        31.79821      2.183842E+13
        31.82030      1.081898E+13
        31.84240      5.942278E+12
        31.86450      4.596037E+12
        31.89764      2.309701E+12
        31.91974      1.876186E+12
        31.95289      1.719277E+12
        31.97499      1.638729E+12
        32.00813      1.671268E+12
        32.04128      1.809718E+12
        32.08547      1.684517E+12
        32.11862      1.603121E+12
        32.15177      1.621622E+12
        32.19596      1.698110E+12
        32.24016      1.738222E+12
        32.28435      1.821867E+12
        32.32854      2.007083E+12
        32.37274      2.339225E+12
        32.41693      2.696578E+12
        32.46113      3.030026E+12
        32.50533      3.431088E+12
        32.56057      4.028274E+12
        32.60476      4.540822E+12
        32.66001      5.268745E+12
        32.70420      5.901732E+12
        32.75945      6.668529E+12
        32.81469      7.467905E+12
        32.85889      8.197604E+12
        32.91413      9.030063E+12
        32.96937      9.693450E+12
        33.02462      1.041307E+13
        33.07986      1.114599E+13
        33.13510      1.168570E+13
        33.19035      1.204242E+13
        33.24559      1.228910E+13
        33.30083      1.243914E+13
        33.35608      1.246521E+13
        33.41132      1.228724E+13
        33.46656      1.191260E+13
        33.52181      1.142357E+13
        33.57705      1.088473E+13
        33.63229      1.031166E+13
        33.68754      9.626025E+12
        33.74278      8.930727E+12
        33.79802      8.408285E+12
        33.85327      8.284012E+12
        33.90851      8.210360E+12
        33.96375      8.395254E+12
        34.00795      8.822432E+12
        34.06319      9.846642E+12
        34.11844      1.137201E+13
        34.16263      1.293007E+13
        34.21788      1.532706E+13
        34.26207      1.756959E+13
        34.31731      2.069302E+13
        34.36151      2.330572E+13
        34.40570      2.579861E+13
        34.44990      2.817115E+13
        34.49409      3.024164E+13
        34.53829      3.165201E+13
        34.58248      3.243735E+13
        34.62668      3.176949E+13
        34.67087      3.041035E+13
        34.70402      2.828769E+13
        34.73717      2.671347E+13
        34.78136      2.371216E+13
        34.81451      2.220558E+13
        34.84765      2.241665E+13
        34.86975      2.372665E+13
        34.90290      2.875482E+13
        34.92500      3.354301E+13
        34.95814      4.491722E+13
        34.98024      5.016721E+13
        35.00233      3.561514E+13
        35.02443      1.318240E+13
        35.04653      5.850165E+12
        35.07967      5.125326E+12
        35.10177      4.926128E+12
        35.13492      5.383317E+12
        35.15702      6.303054E+12
        35.19016      7.005717E+12
        35.22331      6.064842E+12
        35.26750      5.063679E+12
        35.30065      5.219015E+12
        35.33380      6.025080E+12
        35.37799      7.008912E+12
        35.42219      7.346525E+12
        35.46638      7.396408E+12
        35.51057      7.551781E+12
        35.55477      7.749805E+12
        35.59896      7.734300E+12
        35.64316      7.871642E+12
        35.68736      8.140835E+12
        35.74260      8.134765E+12
        35.78679      7.864877E+12
        35.84204      7.708758E+12
        35.88623      7.674636E+12
        35.94148      7.360805E+12
        35.99672      6.834983E+12
        36.04092      6.497347E+12
        36.09616      6.144499E+12
        36.15140      5.705064E+12
        36.20665      5.214645E+12
        36.26189      4.784970E+12
        36.31713      4.449290E+12
        36.37238      4.202357E+12
        36.42762      4.065393E+12
        36.48286      4.080354E+12
        36.53811      4.257290E+12
        36.59335      4.608149E+12
        36.64859      5.162358E+12
        36.70384      5.929527E+12
        36.75908      6.889168E+12
        36.81432      8.029184E+12
        36.86957      9.342522E+12
        36.92481      1.141097E+13
        36.98005      1.296485E+13
        37.03530      1.455549E+13
        37.09054      1.608074E+13
        37.14579      1.749361E+13
        37.18998      1.848945E+13
        37.24522      1.949215E+13
        37.30047      2.018463E+13
        37.34466      2.042716E+13
        37.39991      2.040901E+13
        37.44410      2.013664E+13
        37.49934      1.956052E+13
        37.54354      1.896326E+13
        37.58773      1.827422E+13
        37.63193      1.777705E+13
        37.67612      1.741038E+13
        37.72032      1.760057E+13
        37.76451      1.865382E+13
        37.80871      2.129872E+13
        37.85290      2.547216E+13
        37.88605      2.897211E+13
        37.91920      3.248676E+13
        37.96339      3.682216E+13
        37.99654      4.042541E+13
        38.02969      4.414605E+13
        38.05178      4.588974E+13
        38.08493      4.636850E+13
        38.10703      4.486698E+13
        38.14017      3.696683E+13
        38.16227      2.369273E+13
        38.18436      1.112329E+13
        38.20646      6.975741E+12
        38.22856      5.081365E+12
        38.26171      4.112906E+12
        38.28380      4.430335E+12
        38.31695      5.486032E+12
        38.33905      6.453086E+12
        38.37219      6.065719E+12
        38.40534      4.765118E+12
        38.44954      3.487238E+12
        38.48268      3.417363E+12
        38.51583      3.660242E+12
        38.56002      3.779662E+12
        38.60422      3.412463E+12
        38.64841      3.024787E+12
        38.69261      2.707480E+12
        38.73680      2.482689E+12
        38.78099      2.281712E+12
        38.82519      2.161187E+12
        38.86938      2.121286E+12
        38.92463      2.108223E+12
        38.96882      2.132757E+12
        39.02407      2.267607E+12
        39.06826      2.470383E+12
        39.12351      2.834453E+12
        39.17875      3.316741E+12
        39.22295      3.786327E+12
        39.27819      4.451130E+12
        39.33343      5.183443E+12
        39.38868      6.009209E+12
        39.44392      6.914268E+12
        39.49916      7.835296E+12
        39.55441      8.743492E+12
        39.60965      9.624791E+12
        39.66489      1.045179E+13
        39.72014      1.122512E+13
        39.77538      1.192153E+13
        39.83062      1.246029E+13
        39.88587      1.282000E+13
        39.94111      1.303643E+13
        39.99636      1.349286E+13
        40.05160      1.344847E+13
        40.10684      1.326475E+13
        40.16209      1.287600E+13
        40.21733      1.239870E+13
        40.27257      1.200486E+13
        40.32782      1.172576E+13
        40.37201      1.160865E+13
        40.42725      1.157450E+13
        40.48250      1.173853E+13
        40.52669      1.221675E+13
        40.58194      1.332137E+13
        40.62613      1.455845E+13
        40.68138      1.647113E+13
        40.72557      1.825878E+13
        40.76976      2.030032E+13
        40.81396      2.251362E+13
        40.85815      2.464909E+13
        40.90235      2.631188E+13
        40.94654      2.761764E+13
        40.99074      2.823816E+13
        41.03493      2.833309E+13
        41.06808      2.729685E+13
        41.10123      2.553280E+13
        41.14542      2.227455E+13
        41.17857      2.006428E+13
        41.21172      1.831027E+13
        41.23381      1.828579E+13
        41.26696      2.023432E+13
        41.28905      2.383740E+13
        41.32220      3.195189E+13
        41.34430      3.467958E+13
        41.36639      2.485334E+13
        41.38849      1.035354E+13
        41.41059      4.339308E+12
        41.44374      2.480459E+12
        41.46584      2.174441E+12
        41.49898      2.202817E+12
        41.52108      2.203491E+12
        41.55422      2.284826E+12
        41.58737      2.461186E+12
        41.63157      2.517084E+12
        41.66471      2.717028E+12
        41.69786      2.906205E+12
        41.74205      3.331267E+12
        41.78625      3.779487E+12
        41.83044      4.267108E+12
        41.87464      4.773914E+12
        41.91883      5.264751E+12
        41.96303      5.683568E+12
        42.00722      6.104317E+12
        42.05141      6.634784E+12
        42.10666      7.339799E+12
        42.15086      7.721157E+12
        42.20610      8.047715E+12
        42.25029      8.382249E+12
        42.30554      8.836883E+12
        42.36078      9.098220E+12
        42.40498      9.146413E+12
        42.46022      9.123076E+12
        42.51546      9.064531E+12
        42.57071      8.948464E+12
        42.62595      8.760024E+12
        42.68119      8.477498E+12
        42.73643      8.106222E+12
        42.79168      7.713940E+12
        42.84692      7.358612E+12
        42.90217      7.065203E+12
        42.95741      6.846806E+12
        43.01265      6.696773E+12
        43.06790      6.749284E+12
        43.12314      6.842465E+12
        43.17839      7.145554E+12
        43.23363      7.651100E+12
        43.28887      8.327223E+12
        43.34412      9.155922E+12
        43.39936      1.013820E+13
        43.45460      1.127418E+13
        43.50985      1.252305E+13
        43.55404      1.353590E+13
        43.60928      1.474759E+13
        43.66453      1.584397E+13
        43.70872      1.657954E+13
        43.76397      1.728144E+13
        43.80816      1.761262E+13
        43.86341      1.766198E+13
        43.90760      1.747920E+13
        43.95179      1.704433E+13
        43.99599      1.649919E+13
        44.04018      1.597162E+13
        44.08438      1.552723E+13
        44.12857      1.558217E+13
        44.17277      1.630275E+13
        44.21696      1.813532E+13
        44.25011      2.031478E+13
        44.28326      2.316052E+13
        44.32745      2.776471E+13
        44.36060      3.146660E+13
        44.39375      3.467918E+13
        44.41584      3.626849E+13
        44.44899      3.690517E+13
        44.47108      3.577723E+13
        44.50423      2.943703E+13
        44.52633      2.259057E+13
        44.54843      1.355476E+13
        44.57053      7.464329E+12
        44.59262      6.256399E+12
        44.62577      5.155651E+12
        44.64787      5.497027E+12
        44.68101      6.831246E+12
        44.70311      7.385620E+12
        44.73626      8.005999E+12
        44.76940      7.892621E+12
        44.81359      6.756022E+12
        44.84674      6.181089E+12
        44.87989      5.973570E+12
        44.92408      6.372020E+12
        44.96828      6.862298E+12
        45.01247      6.703838E+12
        45.05667      6.419076E+12
        45.10086      6.202809E+12
        45.14506      5.948975E+12
        45.18925      5.574938E+12
        45.23345      5.186714E+12
        45.28869      4.829309E+12
        45.33289      4.609002E+12
        45.38813      4.309733E+12
        45.43232      4.051236E+12
        45.48757      3.780923E+12
        45.54281      3.607676E+12
        45.58701      3.536819E+12
        45.64225      3.529951E+12
        45.69749      3.626332E+12
        45.75274      3.842051E+12
        45.80798      4.179900E+12
        45.86322      4.628605E+12
        45.91846      5.166347E+12
        45.97371      5.776638E+12
        46.02895      6.455692E+12
        46.08420      7.187812E+12
        46.13944      7.936975E+12
        46.19468      9.338579E+12
        46.24993      1.008274E+13
        46.30517      1.076246E+13
        46.36042      1.136128E+13
        46.41566      1.187980E+13
        46.47091      1.228964E+13
        46.52615      1.255233E+13
        46.58139      1.268708E+13
        46.63663      1.272196E+13
        46.69188      1.266559E+13
        46.73607      1.260114E+13
        46.79131      1.254361E+13
        46.84656      1.251780E+13
        46.89075      1.261329E+13
        46.94600      1.300438E+13
        46.99019      1.356771E+13
        47.04544      1.467790E+13
        47.08963      1.585400E+13
        47.13383      1.726953E+13
        47.17802      1.896072E+13
        47.22221      2.080317E+13
        47.26641      2.258927E+13
        47.31060      2.405009E+13
        47.35480      2.525086E+13
        47.39899      2.606436E+13
        47.43214      2.659449E+13
        47.46529      2.652445E+13
        47.50948      2.456158E+13
        47.54263      2.212403E+13
        47.57578      1.839328E+13
        47.59787      1.720572E+13
        47.63102      1.696245E+13
        47.65312      1.896629E+13
        47.68626      2.462805E+13
        47.70836      2.690672E+13
        47.73046      2.121196E+13
        47.75256      1.212397E+13
        47.77465      7.777635E+12
        47.80780      4.464853E+12
        47.82990      3.107505E+12
        47.86304      2.360048E+12
        47.88514      2.146582E+12
        47.91829      2.021954E+12
        47.95143      2.021462E+12
        47.99562      2.085422E+12
        48.02877      1.995158E+12
        48.06192      1.919450E+12
        48.10611      1.832074E+12
        48.15031      1.791962E+12
        48.19450      1.840721E+12
        48.23870      1.965971E+12
        48.28289      2.159798E+12
        48.32709      2.415885E+12
        48.37128      2.725403E+12
        48.41548      3.060937E+12
        48.47072      3.526848E+12
        48.51492      3.958786E+12
        48.57016      4.554336E+12
        48.61435      5.030657E+12
        48.66960      5.604668E+12
        48.72484      6.180113E+12
        48.76904      6.630759E+12
        48.82428      7.136945E+12
        48.87952      7.573949E+12
        48.93477      7.963266E+12
        48.99001      8.281917E+12
        49.04525      8.494916E+12
        49.10050      8.610751E+12
        49.15574      8.656336E+12
        49.21098      8.647041E+12
        49.26623      9.204620E+12
        49.32147      9.120754E+12
        49.37671      8.989845E+12
        49.43196      8.825185E+12
        49.48720      8.691214E+12
        49.54245      8.657337E+12
        49.59769      8.746458E+12
        49.65294      8.943311E+12
        49.70818      9.229915E+12
        49.76342      9.602226E+12
        49.81866      1.009637E+13
        49.87391      1.077027E+13
        49.91810      1.143804E+13
        49.97334      1.236917E+13
        50.02859      1.329547E+13
        50.07278      1.396052E+13
        50.12803      1.468400E+13
        50.17222      1.519264E+13
        50.22747      1.563833E+13
        50.27166      1.574821E+13
        50.31586      1.559784E+13
        50.36005      1.515205E+13
        50.40425      1.458450E+13
        50.44844      1.399331E+13
        50.49263      1.339734E+13
        50.53683      1.318369E+13
        50.58102      1.340653E+13
        50.61417      1.418307E+13
        50.64732      1.555785E+13
        50.69151      1.848699E+13
        50.72466      2.124307E+13
        50.75780      2.436330E+13
        50.77990      2.600354E+13
        50.81305      2.743707E+13
        50.83515      2.623898E+13
        50.86829      2.139291E+13
        50.89039      1.563857E+13
        50.91249      9.555612E+12
        50.93459      5.349938E+12
        50.95668      3.601001E+12
        50.98983      3.687238E+12
        51.01192      4.325936E+12
        51.04507      4.408001E+12
        51.06717      4.076149E+12
        51.10032      3.864906E+12
        51.13346      3.910783E+12
        51.17766      4.345135E+12
        51.21080      4.959003E+12
        51.24395      5.394875E+12
        51.28814      5.715106E+12
        51.33234      5.990684E+12
        51.37653      6.227790E+12
        51.42073      6.480473E+12
        51.46492      6.615155E+12
        51.50912      6.625780E+12
        51.55331      6.685437E+12
        51.59751      6.823028E+12
        51.65275      6.900556E+12
        51.69695      6.784574E+12
        51.75219      6.534727E+12
        51.79639      6.368468E+12
        51.85163      6.219832E+12
        51.90687      6.050064E+12
        51.95107      5.863515E+12
        52.00631      5.596793E+12
        52.06155      5.360293E+12
        52.11679      5.209496E+12
        52.17204      5.156946E+12
        52.22728      5.182270E+12
        52.28253      5.262618E+12
        52.33777      5.551825E+12
        52.39302      5.763158E+12
        52.44826      6.061930E+12
        52.50350      6.444139E+12
        52.55875      6.895731E+12
        52.61399      7.392921E+12
        52.66924      7.906134E+12
        52.72448      8.414376E+12
        52.77972      8.910354E+12
        52.83496      9.381011E+12
        52.89021      9.799987E+12
        52.94545      1.014909E+13
        53.00069      1.042071E+13
        53.05593      1.059887E+13
        53.10013      1.067549E+13
        53.15538      1.073027E+13
        53.21062      1.076866E+13
        53.25481      1.079258E+13
        53.31005      1.089434E+13
        53.35425      1.109306E+13
        53.40949      1.152352E+13
        53.45369      1.211637E+13
        53.49789      1.298376E+13
        53.54208      1.409977E+13
        53.58628      1.550521E+13
        53.63047      1.713214E+13
        53.67467      1.889421E+13
        53.71886      2.060263E+13
        53.76306      2.200707E+13
        53.79620      2.262217E+13
        53.82935      2.244364E+13
        53.87354      2.163551E+13
        53.90668      2.009115E+13
        53.93984      1.901937E+13
        53.96193      1.775279E+13
        53.99508      1.816276E+13
        54.01718      1.964801E+13
        54.05032      2.343612E+13
        54.07242      2.311953E+13
        54.09452      1.684051E+13
        54.11662      9.065831E+12
        54.13871      5.650293E+12
        54.17186      4.949778E+12
        54.19395      5.007756E+12
        54.22710      5.634882E+12
        54.24920      6.202075E+12
        54.28235      6.539333E+12
        54.31549      6.000388E+12
        54.35969      4.846724E+12
        54.39283      4.170741E+12
        54.42598      3.749902E+12
        54.47017      3.577616E+12
        54.51437      3.571607E+12
        54.55857      3.467530E+12
        54.60276      3.301171E+12
        54.64695      3.150508E+12
        54.69115      3.022462E+12
        54.73534      2.920436E+12
        54.77954      2.851331E+12
        54.83478      2.835441E+12
        54.87898      2.888207E+12
        54.93422      3.030794E+12
        54.97842      3.204626E+12
        55.03366      3.495985E+12
        55.08890      3.849816E+12
        55.13310      4.156521E+12
        55.18834      4.553285E+12
        55.24358      4.964156E+12
        55.29882      5.382582E+12
        55.35407      5.785889E+12
        55.40932      6.638108E+12
        55.46456      7.016929E+12
        55.51980      7.360092E+12
        55.57505      7.652123E+12
        55.63029      7.889634E+12
        55.68553      8.081796E+12
        55.74078      8.235148E+12
        55.79602      8.352283E+12
        55.85126      8.445294E+12
        55.90651      8.538925E+12
        55.96175      8.654693E+12
        56.01699      8.804081E+12
        56.07224      9.003110E+12
        56.12748      9.272077E+12
        56.18272      9.618717E+12
        56.23797      1.004237E+13
        56.28216      1.044411E+13
        56.33741      1.104694E+13
        56.39265      1.177822E+13
        56.43684      1.244539E+13
        56.49208      1.331307E+13
        56.53628      1.395969E+13
        56.59153      1.462143E+13
        56.63572      1.498415E+13
        56.67992      1.518915E+13
        56.72411      1.524765E+13
        56.76831      1.507737E+13
        56.81250      1.459913E+13
        56.85670      1.383498E+13
        56.90089      1.294584E+13
        56.94509      1.268013E+13
        56.97823      1.294390E+13
        57.01138      1.360184E+13
        57.05557      1.527203E+13
        57.08872      1.705653E+13
        57.12187      1.881993E+13
        57.14397      1.999969E+13
        57.17711      2.123077E+13
        57.19921      2.065312E+13
        57.23235      1.676447E+13
        57.25445      1.190829E+13
        57.27655      7.009986E+12
        57.29865      3.972433E+12
        57.32074      2.711997E+12
        57.35389      1.999895E+12
        57.37599      1.760465E+12
        57.40913      1.825793E+12
        57.43123      1.815460E+12
        57.46438      1.815259E+12
        57.49752      1.965880E+12
        57.54172      2.109654E+12
        57.57486      2.236985E+12
        57.60801      2.411077E+12
        57.65220      2.653892E+12
        57.69640      2.969652E+12
        57.74060      3.339016E+12
        57.78479      3.687461E+12
        57.82898      3.976210E+12
        57.87318      4.249865E+12
        57.91737      4.567575E+12
        57.96157      4.907689E+12
        58.01682      5.259214E+12
        58.06101      5.448166E+12
        58.11625      5.628657E+12
        58.16045      5.755949E+12
        58.21569      5.878961E+12
        58.27093      5.946642E+12
        58.31513      5.970235E+12
        58.37037      5.974082E+12
        58.42561      5.947209E+12
        58.48085      6.550278E+12
        58.53610      6.462784E+12
        58.59135      6.394819E+12
        58.64659      6.370685E+12
        58.70183      6.398074E+12
        58.75708      6.473840E+12
        58.81232      6.587917E+12
        58.86756      6.729807E+12
        58.92281      6.896901E+12
        58.97805      7.098090E+12
        59.03329      7.346272E+12
        59.08854      7.643385E+12
        59.14378      7.973953E+12
        59.19902      8.309998E+12
        59.25427      8.621143E+12
        59.30951      8.888980E+12
        59.36475      9.114732E+12
        59.42000      9.303084E+12
        59.46420      9.418540E+12
        59.51944      9.498108E+12
        59.57468      9.498698E+12
        59.61887      9.448729E+12
        59.67412      9.340885E+12
        59.71831      9.264926E+12
        59.77356      9.267016E+12
        59.81775      9.364209E+12
        59.86195      9.595543E+12
        59.90614      1.004286E+13
        59.95034      1.071368E+13
        59.99453      1.163693E+13
        60.03873      1.282221E+13
        60.08292      1.414544E+13
        60.12712      1.543766E+13
        60.16026      1.616432E+13
        60.19341      1.675697E+13
        60.23760      1.673882E+13
        60.27075      1.629635E+13
        60.30390      1.550614E+13
        60.32600      1.478739E+13
        60.35914      1.456556E+13
        60.38124      1.438570E+13
        60.41438      1.562733E+13
        60.43648      1.578250E+13
        60.45858      1.332219E+13
        60.48067      8.760989E+12
        60.50277      5.201184E+12
        60.53592      4.006796E+12
        60.55802      4.377561E+12
        60.59116      5.272578E+12
        60.61326      5.773377E+12
        60.64641      5.912826E+12
        60.67955      5.593297E+12
        60.72375      5.334409E+12
        60.75689      5.224805E+12
        60.79004      5.150597E+12
        60.83423      5.135347E+12
        60.87843      5.065747E+12
        60.92263      4.881485E+12
        60.96682      4.739794E+12
        61.01101      4.676278E+12
        61.05521      4.614668E+12
        61.09940      4.464637E+12
        61.14360      4.251455E+12
        61.19884      4.023821E+12
        61.24304      3.915360E+12
        61.29828      3.859450E+12
        61.34248      3.853688E+12
        61.39772      3.865699E+12
        61.45296      3.893196E+12
        61.49716      3.939892E+12
        61.55240      4.261344E+12
        61.60764      4.426463E+12
        61.66289      4.642727E+12
        61.71814      4.884588E+12
        61.77338      5.130953E+12
        61.82862      5.373461E+12
        61.88386      5.608977E+12
        61.93911      5.833131E+12
        61.99435      6.042994E+12
        62.04959      6.239704E+12
        62.10484      6.423733E+12
        62.16008      6.591067E+12
        62.21533      6.738099E+12
        62.27057      6.869323E+12
        62.32581      6.997244E+12
        62.38105      7.133830E+12
        62.43630      7.285445E+12
        62.49154      7.460608E+12
        62.54679      7.678742E+12
        62.60203      7.960024E+12
        62.64622      8.237549E+12
        62.70147      8.662802E+12
        62.75671      9.195841E+12
        62.80090      9.701257E+12
        62.85615      1.041230E+13
        62.90034      1.101904E+13
        62.95559      1.178595E+13
        62.99978      1.238312E+13
        63.04398      1.293851E+13
        63.08817      1.339899E+13
        63.13237      1.371869E+13
        63.17656      1.383203E+13
        63.22076      1.367084E+13
        63.26495      1.347664E+13
        63.30915      1.333500E+13
        63.34229      1.319824E+13
        63.37544      1.321832E+13
        63.41963      1.351973E+13
        63.45278      1.404712E+13
        63.48593      1.489117E+13
        63.50803      1.589540E+13
        63.54117      1.721591E+13
        63.56327      1.758771E+13
        63.59641      1.565876E+13
        63.61851      1.241886E+13
        63.64061      8.735215E+12
        63.66271      6.635182E+12
        63.68481      6.155068E+12
        63.71795      5.133150E+12
        63.74005      4.062010E+12
        63.77319      2.740327E+12
        63.79529      2.258813E+12
        63.82844      1.927712E+12
        63.86158      1.822084E+12
        63.90578      1.845405E+12
        63.93892      1.948424E+12
        63.97207      2.040760E+12
        64.01627      2.150507E+12
        64.06046      2.246888E+12
        64.10466      2.327649E+12
        64.14885      2.433883E+12
        64.19305      2.558968E+12
        64.23724      2.713248E+12
        64.28143      2.906456E+12
        64.32563      3.124761E+12
        64.38087      3.395628E+12
        64.42507      3.597161E+12
        64.48032      3.846399E+12
        64.52451      4.050012E+12
        64.57975      4.292807E+12
        64.63499      4.842377E+12
        64.67919      4.993859E+12
        64.73443      5.157737E+12
        64.78967      5.302714E+12
        64.84492      5.428645E+12
        64.90016      5.538168E+12
        64.95541      5.637378E+12
        65.01065      5.729854E+12
        65.06589      5.818915E+12
        65.12114      5.913425E+12
        65.17638      6.028185E+12
        65.23162      6.177167E+12
        65.28687      6.365153E+12
        65.34211      6.585630E+12
        65.39735      6.826389E+12
        65.45260      7.076810E+12
        65.50784      7.331770E+12
        65.56308      7.592302E+12
        65.61833      7.864067E+12
        65.67358      8.152726E+12
        65.72881      8.457136E+12
        65.78406      8.761074E+12
        65.82825      8.981006E+12
        65.88350      9.188462E+12
        65.93874      9.286516E+12
        65.98293      9.290737E+12
        66.03818      9.250610E+12
        66.08237      9.205485E+12
        66.13762      9.125302E+12
        66.18182      9.055655E+12
        66.22601      8.997270E+12
        66.27020      8.958683E+12
        66.31440      9.032183E+12
        66.35859      9.329756E+12
        66.40279      9.860056E+12
        66.44698      1.062285E+13
        66.49118      1.149931E+13
        66.52432      1.213163E+13
        66.55746      1.262582E+13
        66.60166      1.277753E+13
        66.63481      1.261070E+13
        66.66796      1.159586E+13
        66.69006      1.096666E+13
        66.72320      9.841011E+12
        66.74530      9.473197E+12
        66.77844      1.076410E+13
        66.80054      1.125791E+13
        66.82264      9.387368E+12
        66.84473      5.855422E+12
        66.86684      3.496471E+12
        66.89998      2.812644E+12
        66.92208      3.016838E+12
        66.95522      3.057300E+12
        66.97732      3.187721E+12
        67.01047      3.426410E+12
        67.04362      3.356328E+12
        67.08781      3.328778E+12
        67.12096      3.424525E+12
        67.15410      3.575099E+12
        67.19830      3.840948E+12
        67.24249      4.089104E+12
        67.28669      4.175009E+12
        67.33088      4.204759E+12
        67.37508      4.255264E+12
        67.41927      4.317301E+12
        67.46346      4.344340E+12
        67.50766      4.316281E+12
        67.56290      4.246022E+12
        67.60710      4.194986E+12
        67.66235      4.142794E+12
        67.70654      4.699730E+12
        67.76178      4.664093E+12
        67.81702      4.643097E+12
        67.86122      4.644170E+12
        67.91647      4.672990E+12
        67.97170      4.733365E+12
        68.02695      4.820284E+12
        68.08219      4.926007E+12
        68.13744      5.044644E+12
        68.19268      5.173039E+12
        68.24792      5.308756E+12
        68.30317      5.447090E+12
        68.35841      5.580991E+12
        68.41366      5.704451E+12
        68.46889      5.815011E+12
        68.52414      5.912232E+12
        68.57938      5.995818E+12
        68.63463      6.066878E+12
        68.68987      6.129641E+12
        68.74512      6.190064E+12
        68.80036      6.252187E+12
        68.85561      6.316025E+12
        68.91084      6.381113E+12
        68.96609      6.456537E+12
        69.01028      6.538976E+12
        69.06553      6.688026E+12
        69.12077      6.899868E+12
        69.16496      7.123924E+12
        69.22021      7.487274E+12
        69.26440      7.847173E+12
        69.31965      8.375416E+12
        69.36385      8.850957E+12
        69.40804      9.348761E+12
        69.45223      9.842883E+12
        69.49643      1.029455E+13
        69.54062      1.063215E+13
        69.58482      1.084290E+13
        69.62901      1.094612E+13
        69.67321      1.089091E+13
        69.70635      1.090953E+13
        69.73950      1.104603E+13
        69.78369      1.135608E+13
        69.81684      1.192150E+13
        69.84999      1.260317E+13
        69.87209      1.323645E+13
        69.90523      1.439859E+13
        69.92733      1.504335E+13
        69.96047      1.415331E+13
        69.98257      1.195079E+13
        70.00467      8.226157E+12
        70.02677      5.362797E+12
        70.04887      4.535084E+12
        70.08201      5.087472E+12
        70.10411      4.750716E+12
        70.13725      3.987951E+12
        70.15935      3.571298E+12
        70.19250      3.058433E+12
        70.22565      2.931849E+12
        70.26984      3.077138E+12
        70.30299      3.261157E+12
        70.33613      3.291711E+12
        70.38033      3.121845E+12
        70.42452      2.962739E+12
        70.46872      2.854967E+12
        70.51291      2.786760E+12
        70.55711      2.755627E+12
        70.60130      2.759836E+12
        70.64550      2.789289E+12
        70.68969      2.834947E+12
        70.74493      2.920280E+12
        70.78913      3.246914E+12
        70.84438      3.375278E+12
        70.88857      3.498566E+12
        70.94381      3.667154E+12
        70.99905      3.829541E+12
        71.04325      3.942882E+12
        71.09850      4.063345E+12
        71.15373      4.167953E+12
        71.20898      4.261774E+12
        71.26423      4.346210E+12
        71.31947      4.424669E+12
        71.37471      4.503873E+12
        71.42995      4.589735E+12
        71.48520      4.685005E+12
        71.54044      4.790708E+12
        71.59569      4.908667E+12
        71.65092      5.042171E+12
        71.70617      5.194584E+12
        71.76142      5.367398E+12
        71.81666      5.560367E+12
        71.87190      5.774165E+12
        71.92715      6.011902E+12
        71.98239      6.277118E+12
        72.03764      6.569008E+12
        72.09288      6.880228E+12
        72.14812      7.199305E+12
        72.19231      7.451442E+12
        72.24756      7.751169E+12
        72.30280      8.023218E+12
        72.34699      8.217044E+12
        72.40224      8.429234E+12
        72.44643      8.574897E+12
        72.50168      8.723683E+12
        72.54588      8.795631E+12
        72.59007      8.795892E+12
        72.63426      8.748692E+12
        72.67846      8.745551E+12
        72.72265      8.860283E+12
        72.76685      9.154287E+12
        72.81104      9.652733E+12
        72.85524      1.021560E+13
        72.88838      1.058735E+13
        72.92153      1.079382E+13
        72.96573      1.077479E+13
        72.99887      1.038211E+13
        73.03202      9.612700E+12
        73.05412      9.289041E+12
        73.08727      8.231021E+12
        73.10936      8.013356E+12
        73.14250      8.580224E+12
        73.16460      8.740352E+12
        73.18670      7.276947E+12
        73.20880      4.812596E+12
        73.23090      3.096336E+12
        73.26404      2.186652E+12
        73.28614      2.265414E+12
        73.31928      2.350092E+12
        73.34138      2.211783E+12
        73.37453      2.159800E+12
        73.40768      2.204528E+12
        73.45187      2.145509E+12
        73.48502      2.145974E+12
        73.51816      2.234317E+12
        73.56236      2.428054E+12
        73.60655      2.650659E+12
        73.65075      2.825107E+12
        73.69494      2.934498E+12
        73.73914      3.035877E+12
        73.78333      3.154262E+12
        73.82753      3.280567E+12
        73.87173      3.634214E+12
        73.92696      3.739784E+12
        73.97116      3.783962E+12
        74.02641      3.820345E+12
        74.07060      3.848396E+12
        74.12584      3.888158E+12
        74.18108      3.938495E+12
        74.22528      3.990392E+12
        74.28053      4.070402E+12
        74.33576      4.163143E+12
        74.39101      4.264344E+12
        74.44626      4.373451E+12
        74.50150      4.492242E+12
        74.55674      4.621980E+12
        74.61198      4.761753E+12
        74.66723      4.908461E+12
        74.72247      5.057276E+12
        74.77772      5.202960E+12
        74.83295      5.341276E+12
        74.88820      5.469705E+12
        74.94345      5.586582E+12
        74.99869      5.690751E+12
        75.05393      5.782043E+12
        75.10918      5.861507E+12
        75.16442      5.930855E+12
        75.21967      5.991432E+12
        75.27491      6.043008E+12
        75.33015      6.082825E+12
        75.37434      6.105012E+12
        75.42959      6.126755E+12
        75.48483      6.158175E+12
        75.52903      6.200517E+12
        75.58427      6.279060E+12
        75.62846      6.369852E+12
        75.68371      6.541458E+12
        75.72791      6.737207E+12
        75.77210      6.987533E+12
        75.81630      7.285081E+12
        75.86049      7.604972E+12
        75.90469      7.909992E+12
        75.94888      8.144085E+12
        75.99307      8.240341E+12
        76.03727      8.245426E+12
        76.07041      8.239410E+12
        76.10356      8.208757E+12
        76.14776      8.398261E+12
        76.18090      8.731165E+12
        76.21405      9.401617E+12
        76.23615      1.003383E+13
        76.26929      1.086083E+13
        76.29139      1.112115E+13
        76.32453      9.971690E+12
        76.34663      7.827150E+12
        76.36873      5.402853E+12
        76.39083      4.211520E+12
        76.41293      3.609925E+12
        76.44607      3.354206E+12
        76.46817      3.527354E+12
        76.50131      4.012890E+12
        76.52341      3.961487E+12
        76.55656      3.664882E+12
        76.58971      3.430398E+12
        76.63390      3.254233E+12
        76.66705      3.175121E+12
        76.70019      3.126251E+12
        76.74438      3.085727E+12
        76.78858      3.007033E+12
        76.83278      2.928336E+12
        76.87697      2.884826E+12
        76.92117      2.877709E+12
        76.96536      3.408831E+12
        77.00956      3.402722E+12
        77.05376      3.377808E+12
        77.10899      3.360024E+12
        77.15319      3.376410E+12
        77.20844      3.437322E+12
        77.25263      3.510476E+12
        77.30788      3.615967E+12
        77.36311      3.717354E+12
        77.40731      3.785453E+12
        77.46255      3.851574E+12
        77.51780      3.902603E+12
        77.57304      3.947696E+12
        77.62829      3.992438E+12
        77.68353      4.037206E+12
        77.73877      4.080610E+12
        77.79401      4.122619E+12
        77.84926      4.164384E+12
        77.90450      4.206978E+12
        77.95975      4.251326E+12
        78.01499      4.299251E+12
        78.07023      4.354165E+12
        78.12548      4.420687E+12
        78.18072      4.503136E+12
        78.23596      4.604009E+12
        78.29121      4.722956E+12
        78.34645      4.858377E+12
        78.40170      5.010701E+12
        78.45694      5.183435E+12
        78.51218      5.379649E+12
        78.55637      5.553415E+12
        78.61162      5.789770E+12
        78.66686      6.045281E+12
        78.71106      6.261128E+12
        78.76630      6.539444E+12
        78.81049      6.762425E+12
        78.86574      7.028651E+12
        78.90993      7.221617E+12
        78.95413      7.394506E+12
        78.99833      7.543745E+12
        79.04253      7.654348E+12
        79.08672      7.753511E+12
        79.13091      7.940594E+12
        79.17510      8.234227E+12
        79.21930      8.626171E+12
        79.25245      8.975998E+12
        79.28559      9.301953E+12
        79.32979      9.381815E+12
        79.36293      8.953551E+12
        79.39608      8.543277E+12
        79.41817      8.243505E+12
        79.45132      7.265191E+12
        79.47342      7.168883E+12
        79.50656      7.111933E+12
        79.52866      7.305374E+12
        79.55076      6.706384E+12
        79.57286      5.307692E+12
        79.59496      4.319820E+12
        79.62810      3.429276E+12
        79.65020      3.188040E+12
        79.68334      2.759363E+12
        79.70544      2.488157E+12
        79.73859      2.185141E+12
        79.77174      1.977930E+12
        79.81593      1.849840E+12
        79.84908      1.813011E+12
        79.88222      1.828361E+12
        79.92641      1.933249E+12
        79.97061      2.072533E+12
        80.01481      2.495358E+12
        80.05900      2.600228E+12
        80.10320      2.678656E+12
        80.14739      2.740714E+12
        80.19159      2.805531E+12
        80.23579      2.881026E+12
        80.29102      2.973908E+12
        80.33522      3.029046E+12
        80.39046      3.070494E+12
        80.43466      3.092330E+12
        80.48991      3.118687E+12
        80.54514      3.149305E+12
        80.58934      3.177728E+12
        80.64458      3.220014E+12
        80.69983      3.273054E+12
        80.75507      3.339452E+12
        80.81032      3.420377E+12
        80.86556      3.516080E+12
        80.92080      3.626098E+12
        80.97604      3.749031E+12
        81.03129      3.882244E+12
        81.08653      4.022131E+12
        81.14178      4.164558E+12
        81.19702      4.305729E+12
        81.25226      4.443329E+12
        81.30751      4.577342E+12
        81.36275      4.709631E+12
        81.41799      4.842856E+12
        81.47324      4.978960E+12
        81.52848      5.118133E+12
        81.58372      5.258216E+12
        81.63897      5.394294E+12
        81.69421      5.519373E+12
        81.73840      5.606548E+12
        81.79365      5.694479E+12
        81.84889      5.756687E+12
        81.89309      5.790858E+12
        81.94833      5.828193E+12
        81.99252      5.867945E+12
        82.04777      5.936353E+12
        82.09196      6.003162E+12
        82.13616      6.085714E+12
        82.18036      6.195790E+12
        82.22456      6.339884E+12
        82.26875      6.497358E+12
        82.31294      6.613186E+12
        82.35713      6.656386E+12
        82.40133      6.668213E+12
        82.43448      6.601461E+12
        82.46762      6.475035E+12
        82.51182      6.468947E+12
        82.54496      6.626699E+12
        82.57811      7.079724E+12
        82.60021      7.513711E+12
        82.63335      8.463506E+12
        82.65545      8.926521E+12
        82.68860      8.305363E+12
        82.71069      6.465691E+12
        82.73279      4.169522E+12
        82.75489      2.816051E+12
        82.77699      2.205567E+12
        82.81013      2.032649E+12
        82.83223      2.039699E+12
        82.86537      2.089410E+12
        82.88747      2.283355E+12
        82.92062      2.563475E+12
        82.95377      2.657296E+12
        82.99796      2.585179E+12
        83.03111      2.538530E+12
        83.06425      2.524317E+12
        83.10844      2.720937E+12
        83.15264      2.772716E+12
        83.19684      2.809555E+12
        83.24103      2.803032E+12
        83.28522      2.779875E+12
        83.32942      2.771578E+12
        83.37362      2.780746E+12
        83.41782      2.799668E+12
        83.47306      2.834953E+12
        83.51725      2.876294E+12
        83.57249      2.946762E+12
        83.61669      3.015443E+12
        83.67194      3.109248E+12
        83.72717      3.203640E+12
        83.77137      3.276397E+12
        83.82661      3.363592E+12
        83.88186      3.447520E+12
        83.93710      3.528555E+12
        83.99235      3.606665E+12
        84.04759      3.680924E+12
        84.10283      3.749115E+12
        84.15807      3.808777E+12
        84.21333      3.858892E+12
        84.26856      3.900657E+12
        84.32381      3.936845E+12
        84.37905      3.970650E+12
        84.43429      4.005061E+12
        84.48954      4.042681E+12
        84.54478      4.085391E+12
        84.60002      4.134097E+12
        84.65527      4.188651E+12
        84.71052      4.247785E+12
        84.76575      4.308844E+12
        84.82100      4.368912E+12
        84.87624      4.428430E+12
        84.92044      4.480658E+12
        84.97568      4.562718E+12
        85.03092      4.674397E+12
        85.07512      4.787881E+12
        85.13036      4.957128E+12
        85.17455      5.109989E+12
        85.22980      5.313780E+12
        85.27399      5.477625E+12
        85.31819      5.632266E+12
        85.36239      5.767946E+12
        85.40659      5.883823E+12
        85.45078      6.002214E+12
        85.49497      6.135745E+12
        85.53917      6.301506E+12
        85.58336      6.604984E+12
        85.61651      6.944901E+12
        85.64965      7.337320E+12
        85.69385      7.823151E+12
        85.72699      8.017353E+12
        85.76014      8.062485E+12
        85.78224      7.720981E+12
        85.81538      6.493351E+12
        85.83748      5.991560E+12
        85.87063      5.572723E+12
        85.89272      5.428132E+12
        85.91483      4.810642E+12
        85.93692      3.841526E+12
        85.95901      3.000838E+12
        85.99216      2.612555E+12
        86.01426      2.676809E+12
        86.04740      2.887944E+12
        86.06950      2.805874E+12
        86.10265      2.562759E+12
        86.13580      2.358658E+12
        86.17999      2.625485E+12
        86.21313      2.505196E+12
        86.24628      2.425850E+12
        86.29047      2.374566E+12
        86.33467      2.385529E+12
        86.37887      2.432158E+12
        86.42306      2.484660E+12
        86.46725      2.536942E+12
        86.51145      2.590746E+12
        86.55565      2.645455E+12
        86.59985      2.700060E+12
        86.65509      2.768067E+12
        86.69928      2.819140E+12
        86.75452      2.869517E+12
        86.79872      2.893957E+12
        86.85397      2.906710E+12
        86.90920      2.909064E+12
        86.95340      2.909656E+12
        87.00864      2.912766E+12
        87.06389      2.920607E+12
        87.11913      2.935415E+12
        87.17438      2.959682E+12
        87.22962      2.995108E+12
        87.28486      3.042006E+12
        87.34010      3.099386E+12
        87.39536      3.165376E+12
        87.45059      3.237884E+12
        87.50584      3.315274E+12
        87.56108      3.396760E+12
        87.61632      3.482290E+12
        87.67157      3.572290E+12
        87.72681      3.667301E+12
        87.78205      3.768381E+12
        87.83730      3.877386E+12
        87.89255      3.996503E+12
        87.94778      4.127133E+12
        88.00303      4.268781E+12
        88.05827      4.418272E+12
        88.10247      4.539580E+12
        88.15771      4.686297E+12
        88.21295      4.819561E+12
        88.25715      4.913038E+12
        88.31239      5.013987E+12
        88.35659      5.084602E+12
        88.41183      5.167772E+12
        88.45602      5.240885E+12
        88.50022      5.326474E+12
        88.54442      5.419327E+12
        88.58862      5.507765E+12
        88.63280      5.589465E+12
        88.67700      5.670301E+12
        88.72120      5.742671E+12
        88.76540      5.768608E+12
        88.79854      5.737518E+12
        88.83168      5.706268E+12
        88.87588      5.655344E+12
        88.90902      5.555592E+12
        88.94217      5.689930E+12
        88.96427      5.978929E+12
        88.99741      6.597716E+12
        89.01951      6.932687E+12
        89.05266      6.740963E+12
        89.07475      5.913006E+12
        89.09686      4.457698E+12
        89.11895      3.238828E+12
        89.14105      2.370144E+12
        89.17419      1.663146E+12
        89.19629      1.466579E+12
        89.22943      1.410979E+12
        89.25153      1.749127E+12
        89.28468      1.782412E+12
        89.31783      1.833099E+12
        89.36202      1.982361E+12
        89.39516      2.095084E+12
        89.42831      2.170213E+12
        89.47251      2.206138E+12
        89.51670      2.212568E+12
        89.56090      2.239135E+12
        89.60509      2.283870E+12
        89.64928      2.314960E+12
        89.69348      2.316378E+12
        89.73768      2.299997E+12
        89.78188      2.283358E+12
        89.83712      2.276444E+12
        89.88132      2.285762E+12
        89.93655      2.315648E+12
        89.98075      2.352524E+12
        90.03600      2.412410E+12
        90.09124      2.484127E+12
        90.13543      2.547037E+12
        90.19067      2.629516E+12
        90.24592      2.714321E+12
        90.30116      2.800355E+12
        90.35641      2.886544E+12
        90.41165      2.971488E+12
        90.46690      3.053709E+12
        90.52213      3.131958E+12
        90.57738      3.205474E+12
        90.63262      3.274266E+12
        90.68787      3.339377E+12
        90.74311      3.402560E+12
        90.79836      3.465670E+12
        90.85360      3.530000E+12
        90.90884      3.595983E+12
        90.96409      3.663155E+12
        91.01933      3.730233E+12
        91.07458      3.795119E+12
        91.12981      3.854997E+12
        91.18506      3.906999E+12
        91.24030      3.948972E+12
        91.28450      3.974879E+12
        91.33974      3.999674E+12
        91.39498      4.023650E+12
        91.43918      4.052030E+12
        91.49442      4.112161E+12
        91.53862      4.184458E+12
        91.59386      4.299957E+12
        91.63805      4.401751E+12
        91.68225      4.497883E+12
        91.72645      4.576396E+12
        91.77065      4.637500E+12
        91.81483      4.689146E+12
        91.85903      4.733438E+12
        91.90323      4.809727E+12
        91.94743      4.976646E+12
        91.98057      5.139690E+12
        92.01371      5.325297E+12
        92.05791      5.683762E+12
        92.09105      5.978949E+12
        92.12420      6.245191E+12
        92.14630      6.211990E+12
        92.17944      6.120895E+12
        92.20155      6.123280E+12
        92.23469      5.743737E+12
        92.25678      5.441343E+12
        92.27888      4.449253E+12
        92.30098      3.325469E+12
        92.32308      2.599215E+12
        92.35622      2.002425E+12
        92.37832      1.875439E+12
        92.41147      1.770306E+12
        92.43356      1.785987E+12
        92.46671      1.912903E+12
        92.49986      2.038110E+12
        92.54405      2.102090E+12
        92.57720      2.062027E+12
        92.61034      2.009812E+12
        92.65454      1.976929E+12
        92.69874      1.986353E+12
        92.74293      2.019634E+12
        92.78712      2.067516E+12
        92.83131      2.121556E+12
        92.87551      2.176254E+12
        92.91971      2.231968E+12
        92.96391      2.289181E+12
        93.01915      2.360501E+12
        93.06335      2.415757E+12
        93.11858      2.482669E+12
        93.16278      2.533535E+12
        93.21803      2.589201E+12
        93.27327      2.631316E+12
        93.31747      2.654983E+12
        93.37270      2.675578E+12
        93.42795      2.690862E+12
        93.48319      2.704397E+12
        93.53844      2.718454E+12
        93.59368      2.734914E+12
        93.64893      2.755469E+12
        93.70416      2.781257E+12
        93.75941      2.812637E+12
        93.81466      2.849063E+12
        93.86990      2.889251E+12
        93.92514      2.931496E+12
        93.98038      2.974213E+12
        94.03563      3.016686E+12
        94.09087      3.059491E+12
        94.14612      3.104350E+12
        94.20135      3.153449E+12
        94.25661      3.208943E+12
        94.31185      3.272978E+12
        94.36709      3.348118E+12
        94.42233      3.437010E+12
        94.46653      3.519015E+12
        94.52177      3.634379E+12
        94.57701      3.760169E+12
        94.62121      3.863164E+12
        94.67645      3.985715E+12
        94.72065      4.073172E+12
        94.77589      4.168891E+12
        94.82008      4.238906E+12
        94.86428      4.307516E+12
        94.90848      4.381934E+12
        94.95267      4.475812E+12
        94.99686      4.593030E+12
        95.04106      4.711647E+12
        95.08526      4.795551E+12
        95.12946      4.815414E+12
        95.16260      4.816143E+12
        95.19574      4.835694E+12
        95.23994      4.812318E+12
        95.27308      4.779582E+12
        95.30624      4.899303E+12
        95.32833      5.044387E+12
        95.36147      5.277840E+12
        95.38358      5.312667E+12
        95.41672      5.391016E+12
        95.43881      4.826508E+12
        95.46091      3.956991E+12
        95.48301      3.311436E+12
        95.50511      2.956072E+12
        95.53825      2.672442E+12
        95.56035      2.477961E+12
        95.59350      2.207232E+12
        95.61559      2.005300E+12
        95.64874      1.805245E+12
        95.68188      1.747394E+12
        95.72608      1.718978E+12
        95.75923      1.732893E+12
        95.79237      1.795430E+12
        95.83657      1.924357E+12
        95.88077      2.040350E+12
        95.92496      2.102706E+12
        95.96915      2.125145E+12
        96.01335      2.135384E+12
        96.05754      2.143161E+12
        96.10174      2.146837E+12
        96.14594      2.142990E+12
        96.20118      2.127626E+12
        96.24538      2.112116E+12
        96.30061      2.097165E+12
        96.34481      2.092524E+12
        96.40005      2.097623E+12
        96.45530      2.114950E+12
        96.49950      2.137020E+12
        96.55473      2.173297E+12
        96.60998      2.216936E+12
        96.66522      2.265596E+12
        96.72047      2.317500E+12
        96.77571      2.371411E+12
        96.83096      2.426469E+12
        96.88619      2.482155E+12
        96.94144      2.538412E+12
        96.99669      2.595579E+12
        97.05193      2.654231E+12
        97.10717      2.714991E+12
        97.16241      2.778363E+12
        97.21766      2.844736E+12
        97.27290      2.914286E+12
        97.32815      2.986786E+12
        97.38338      3.061494E+12
        97.43864      3.137179E+12
        97.49388      3.212187E+12
        97.54912      3.284527E+12
        97.60436      3.351754E+12
        97.64856      3.399990E+12
        97.70380      3.451568E+12
        97.75904      3.493485E+12
        97.80324      3.521590E+12
        97.85848      3.553282E+12
        97.90268      3.580524E+12
        97.95792      3.627763E+12
        98.00211      3.683524E+12
        98.04631      3.755289E+12
        98.09051      3.834156E+12
        98.13470      3.902557E+12
        98.17889      3.935852E+12
        98.22309      3.928686E+12
        98.26729      3.925554E+12
        98.31149      3.961054E+12
        98.34463      4.018252E+12
        98.37777      4.142804E+12
        98.42197      4.432561E+12
        98.45512      4.647832E+12
        98.48827      5.104971E+12
        98.51036      5.091175E+12
        98.54350      5.041513E+12
        98.56561      4.825679E+12
        98.59875      4.250214E+12
        98.62084      3.811068E+12
        98.64294      3.063352E+12
        98.66504      2.379297E+12
        98.68714      2.031675E+12
        98.72028      1.972998E+12
        98.74239      2.077779E+12
        98.77553      2.088982E+12
        98.79762      1.989930E+12
        98.83077      1.807126E+12
        98.86392      1.689568E+12
        98.90811      1.631202E+12
        98.94126      1.624523E+12
        98.97440      1.630947E+12
        99.01860      1.627897E+12
        99.06280      1.607405E+12
        99.10699      1.593424E+12
        99.15118      1.596715E+12
        99.19538      1.617816E+12
        99.23957      1.654409E+12
        99.28377      1.700452E+12
        99.32796      1.749885E+12
        99.38321      1.812853E+12
        99.42741      1.864099E+12
        99.48265      1.928958E+12
        99.52684      1.980594E+12
        99.58208      2.043713E+12
        99.63733      2.103892E+12
        99.68153      2.148406E+12
        99.73676      2.197667E+12
        99.79201      2.239358E+12
        99.84725      2.274901E+12
        99.90250      2.306749E+12
        99.95774      2.337277E+12
        100.0130      2.368261E+12
        100.0682      2.400845E+12
        100.1235      2.435584E+12
        100.1787      2.472507E+12
        100.2340      2.511154E+12
